19
1.000000 1.000000
0.994839 1.000004
0.983347 1.000041
0.858165 1.000653
0.792624 1.001550
0.651447 1.003810
0.522429 1.005900
0.494349 1.006547
0.281938 1.011935
0.250210 1.013004
0.191890 1.016817
0.152745 1.020958
0.129800 1.024654
0.070283 1.035787
0.061917 1.038490
0.043714 1.051571
0.038447 1.057155
0.008535 1.097098
0.000000 1.119217
8
1.000000 1.000000
0.966894 1.000000
0.926126 1.000016
0.453298 1.000469
0.439555 1.000532
0.424812 1.000668
0.387633 1.001465
0.000000 1.017330
10
1.000000 1.000000
0.989373 1.000010
0.981069 1.000040
0.909258 1.002726
0.875169 1.005878
0.710941 1.022955
0.298233 1.069131
0.082377 1.094703
0.031113 1.125692
0.006070 1.151061
10
1.000000 1.000000
0.920039 1.001083
0.880466 1.001808
0.723351 1.004936
0.659813 1.006202
0.244582 1.018506
0.148142 1.029140
0.122305 1.035563
0.032755 1.072952
0.000000 1.104771
16
1.000000 1.000000
0.994027 1.000002
0.912651 1.000218
0.904020 1.000307
0.797214 1.001529
0.744692 1.002596
0.704075 1.003921
0.695479 1.004302
0.463515 1.014585
0.323669 1.021664
0.162317 1.030387
0.154606 1.031064
0.110624 1.041781
0.079338 1.071154
0.018371 1.133208
0.000274 1.184543
21
1.000000 1.000000
0.992718 1.000000
0.918224 1.000024
0.911295 1.000026
0.868576 1.000121
0.839833 1.000360
0.698779 1.001916
0.615317 1.003090
0.441027 1.007125
0.430184 1.007424
0.333388 1.011156
0.302791 1.013005
0.255606 1.016282
0.249279 1.016874
0.090029 1.037296
0.067310 1.041253
0.060711 1.047459
0.058591 1.052427
0.046929 1.097114
0.043604 1.114628
0.003990 1.420028
14
1.000000 1.000000
0.926996 1.000008
0.869654 1.000123
0.744187 1.000779
0.736451 1.000833
0.595479 1.002187
0.517789 1.002963
0.424258 1.004161
0.303683 1.007719
0.297648 1.007921
0.075562 1.016264
0.045116 1.018287
0.012744 1.024379
0.005535 1.042296
15
1.000000 1.000000
0.924027 1.000027
0.875350 1.000048
0.864949 1.000056
0.856695 1.000076
0.810529 1.000298
0.799696 1.000389
0.476776 1.003570
0.471354 1.003628
0.465899 1.003736
0.036240 1.014035
0.028613 1.014764
0.013027 1.016826
0.003824 1.018146
0.000000 1.025794
12
1.000000 1.000000
0.988004 1.000005
0.946855 1.000045
0.933016 1.000084
0.221606 1.005137
0.207632 1.005249
0.168871 1.006232
0.084219 1.008413
0.064718 1.013238
0.027968 1.024469
0.014518 1.031049
0.000000 1.039244
20
1.000000 1.000000
0.931183 1.000130
0.884690 1.000282
0.855042 1.000499
0.849514 1.000546
0.843197 1.000614
0.838042 1.000672
0.746119 1.001713
0.694628 1.002880
0.623780 1.005148
0.590790 1.006278
0.575766 1.006822
0.558614 1.007554
0.550412 1.007944
0.530285 1.008938
0.353534 1.021197
0.344316 1.022174
0.260765 1.033535
0.133355 1.055532
0.000000 1.097439
9
1.000000 1.000000
0.991285 1.000000
0.981535 1.000031
0.119067 1.009110
0.061119 1.020170
0.032729 1.033431
0.027140 1.037465
0.012979 1.056664
0.005230 1.082021
15
1.000000 1.000000
0.971761 1.000022
0.960163 1.000058
0.952526 1.000083
0.842822 1.001585
0.365014 1.008910
0.354979 1.009113
0.287825 1.010806
0.280362 1.011037
0.250147 1.012159
0.210943 1.013855
0.181528 1.015263
0.170712 1.015827
0.153199 1.017361
0.000000 1.043003
28
1.000000 1.000000
0.990785 1.000003
0.961319 1.000029
0.908875 1.000143
0.855838 1.000431
0.747080 1.001474
0.741871 1.001525
0.734906 1.001598
0.705234 1.001958
0.664503 1.002564
0.654313 1.002805
0.581630 1.004822
0.569583 1.005192
0.564021 1.005410
0.539023 1.006504
0.531023 1.006872
0.392110 1.013594
0.371529 1.014668
0.348324 1.015911
0.326520 1.017530
0.244877 1.023930
0.223172 1.025659
0.167931 1.030325
0.124178 1.034729
0.119099 1.035289
0.081735 1.039615
0.002995 1.056263
0.000000 1.063105
18
1.000000 1.000000
0.948392 1.000377
0.788381 1.002189
0.665056 1.006137
0.638904 1.007084
0.609048 1.008359
0.566689 1.010368
0.531654 1.012098
0.510882 1.015604
0.340524 1.051260
0.331983 1.053123
0.276470 1.066563
0.225576 1.080021
0.216643 1.083442
0.182900 1.097252
0.128335 1.127904
0.025093 1.193868
0.023471 1.198677
15
1.000000 1.000000
0.985103 1.000003
0.789543 1.000469
0.767316 1.000530
0.530783 1.001352
0.454783 1.001625
0.432550 1.002140
0.287056 1.005719
0.277069 1.005976
0.115490 1.012554
0.063830 1.015139
0.030838 1.017101
0.025574 1.017612
0.006357 1.021999
0.000000 1.025951
9
1.000000 1.000000
0.911029 1.000002
0.884456 1.000098
0.301203 1.002262
0.168955 1.003527
0.055405 1.006559
0.022915 1.014673
0.003696 1.019868
0.000000 1.055659
14
1.000000 1.000000
0.978388 1.000018
0.973222 1.000052
0.535725 1.005505
0.528923 1.005648
0.505983 1.006265
0.495326 1.006612
0.487333 1.006918
0.414053 1.013820
0.408066 1.014708
0.075367 1.071667
0.055455 1.079894
0.009711 1.110257
0.000000 1.156329
13
1.000000 1.000000
0.992421 1.000048
0.923030 1.000549
0.528555 1.004184
0.520165 1.004544
0.496012 1.005697
0.480232 1.007046
0.459857 1.008864
0.337864 1.019972
0.288669 1.024903
0.054229 1.053625
0.046629 1.055827
0.003098 1.231809
22
1.000000 1.000000
0.865246 1.000101
0.853787 1.000138
0.770345 1.000543
0.755305 1.000687
0.689953 1.001582
0.658317 1.002649
0.628375 1.003661
0.551643 1.006461
0.495886 1.008986
0.478650 1.010314
0.376355 1.018811
0.313775 1.024916
0.277081 1.028905
0.168405 1.041056
0.152613 1.042864
0.078034 1.055753
0.071834 1.056977
0.045816 1.069342
0.039756 1.073437
0.034504 1.078812
0.000000 1.145432
27
1.000000 1.000000
0.959063 1.000066
0.873982 1.000290
0.826233 1.000426
0.645450 1.001367
0.606886 1.001662
0.595833 1.001803
0.573861 1.002208
0.540185 1.002895
0.499435 1.003937
0.373005 1.007672
0.332487 1.008892
0.324656 1.009133
0.292804 1.010284
0.281392 1.010712
0.256064 1.011762
0.212651 1.014556
0.203299 1.015258
0.164280 1.018882
0.158403 1.019431
0.144569 1.021114
0.112443 1.031526
0.093071 1.046927
0.013332 1.132818
0.003665 1.148448
0.002077 1.158187
0.001371 1.173946
12
1.000000 1.000000
0.994506 1.000001
0.236194 1.001851
0.136097 1.002116
0.129672 1.002370
0.112561 1.003692
0.105646 1.004338
0.086797 1.007408
0.043968 1.015550
0.036410 1.017330
0.030192 1.019284
0.000000 1.043921
13
1.000000 1.000000
0.987832 1.000158
0.972686 1.000404
0.967130 1.000498
0.858507 1.003261
0.826150 1.004232
0.277821 1.025244
0.272368 1.025631
0.213918 1.030114
0.100075 1.042080
0.070560 1.045215
0.042769 1.048894
0.000000 1.059167
16
1.000000 1.000000
0.968075 1.000013
0.946854 1.000089
0.915538 1.000217
0.898350 1.000350
0.872005 1.000647
0.749058 1.002360
0.735818 1.002553
0.714389 1.002988
0.195843 1.015706
0.161693 1.017126
0.106614 1.020983
0.095212 1.021852
0.077458 1.023380
0.027476 1.031077
0.001550 1.038762
17
1.000000 1.000000
0.497868 1.000108
0.464388 1.000123
0.428792 1.000292
0.397843 1.000477
0.326983 1.000907
0.301865 1.001135
0.271859 1.001779
0.245426 1.002548
0.197461 1.003946
0.188841 1.004492
0.139354 1.007674
0.104615 1.009962
0.055701 1.013974
0.024351 1.016739
0.011650 1.018633
0.000000 1.026244
15
1.000000 1.000000
0.871317 1.001011
0.795077 1.001896
0.716252 1.002896
0.627786 1.004079
0.578067 1.004757
0.408409 1.007676
0.327481 1.009135
0.310636 1.009974
0.276348 1.012019
0.190801 1.020970
0.180103 1.022464
0.074976 1.037769
0.065967 1.040137
0.000000 1.090695
22
1.000000 1.000000
0.913382 1.000028
0.907991 1.000030
0.865798 1.000226
0.856401 1.000297
0.832711 1.000487
0.708583 1.002473
0.654763 1.003381
0.628620 1.004042
0.473652 1.009758
0.355166 1.015948
0.321886 1.019519
0.310410 1.021000
0.217472 1.035959
0.196800 1.040219
0.167000 1.046796
0.160802 1.048269
0.145549 1.052402
0.112839 1.064277
0.069666 1.083204
0.060153 1.096123
0.000000 1.319870
24
1.000000 1.000000
0.992875 1.000000
0.952503 1.000013
0.927565 1.000033
0.846943 1.000166
0.823792 1.000217
0.497344 1.000960
0.477678 1.001051
0.462101 1.001181
0.416870 1.001817
0.322415 1.004004
0.315913 1.004209
0.254934 1.007013
0.237100 1.008372
0.209332 1.010762
0.197141 1.012279
0.190622 1.013149
0.178593 1.015603
0.118057 1.029655
0.082825 1.039006
0.066239 1.044957
0.058966 1.049293
0.003627 1.092057
0.000000 1.102339
20
1.000000 1.000000
0.986357 1.000002
0.916510 1.000152
0.246315 1.003940
0.233964 1.004113
0.219937 1.004314
0.207639 1.004865
0.197622 1.005507
0.189980 1.006141
0.138956 1.011233
0.111044 1.016000
0.091709 1.019998
0.038235 1.031511
0.032760 1.032721
0.022717 1.035903
0.014734 1.039910
0.006928 1.044746
0.003102 1.048588
0.001021 1.053822
0.000000 1.059109
18
1.000000 1.000000
0.990880 1.000000
0.857692 1.000160
0.844105 1.000236
0.683752 1.001855
0.664470 1.002193
0.503268 1.005379
0.478732 1.005904
0.192283 1.012172
0.111722 1.018316
0.087355 1.022738
0.074542 1.026418
0.065261 1.029132
0.060283 1.030671
0.050985 1.033839
0.042425 1.037327
0.017662 1.055585
0.000000 1.071170
12
1.000000 1.000000
0.982023 1.000010
0.960267 1.000372
0.948319 1.000713
0.920082 1.002181
0.759112 1.012591
0.611435 1.027262
0.308426 1.062835
0.231633 1.084922
0.170276 1.110908
0.014520 1.500688
0.007547 1.542521
9
1.000000 1.000000
0.954964 1.000019
0.932533 1.000140
0.919140 1.000234
0.871854 1.000787
0.862730 1.000906
0.013882 1.012521
0.006405 1.014708
0.000000 1.021981
8
1.000000 1.000000
0.973832 1.000028
0.890235 1.001511
0.874421 1.001873
0.858166 1.002337
0.853029 1.002490
0.003802 1.042310
0.000000 1.045603
20
1.000000 1.000000
0.945189 1.000110
0.866331 1.000334
0.842343 1.000492
0.566640 1.002790
0.555794 1.002881
0.550228 1.002998
0.384567 1.010872
0.188508 1.021199
0.176344 1.021880
0.148376 1.024887
0.139246 1.025907
0.120216 1.028181
0.110106 1.029528
0.073588 1.035235
0.066944 1.036309
0.060639 1.037856
0.003991 1.059432
0.000646 1.096617
0.000000 1.128677
22
1.000000 1.000000
0.986031 1.000008
0.859416 1.000342
0.782660 1.000924
0.763619 1.001094
0.677412 1.002438
0.585760 1.003945
0.577379 1.004092
0.544104 1.004728
0.522818 1.005180
0.512154 1.005408
0.466372 1.006567
0.461374 1.006704
0.416975 1.008127
0.318061 1.011585
0.299966 1.012232
0.236491 1.015388
0.229943 1.015920
0.148870 1.024811
0.108721 1.030628
0.101037 1.031931
0.000000 1.063753
8
1.000000 1.000000
0.384133 1.009441
0.287791 1.015189
0.083632 1.030305
0.071452 1.039995
0.053265 1.061544
0.037962 1.094827
0.000000 1.211846
8
1.000000 1.000000
0.961969 1.000137
0.949317 1.000238
0.747589 1.002266
0.221862 1.011064
0.193119 1.011549
0.174297 1.013586
0.000000 1.037176
17
1.000000 1.000000
0.804757 1.000177
0.748973 1.000443
0.562341 1.001691
0.554909 1.001787
0.526724 1.002318
0.453128 1.005950
0.376472 1.012596
0.327341 1.016929
0.317914 1.017868
0.252810 1.024569
0.037978 1.048849
0.031743 1.050155
0.018319 1.054344
0.009716 1.059216
0.006839 1.063683
0.006034 1.073145
31
1.000000 1.000000
0.975714 1.000058
0.958324 1.000100
0.952912 1.000133
0.920173 1.000396
0.763606 1.001958
0.749421 1.002111
0.724741 1.002392
0.719366 1.002458
0.704616 1.002681
0.689103 1.002946
0.646178 1.003739
0.628498 1.004189
0.615875 1.004528
0.582679 1.005556
0.400886 1.012404
0.384111 1.013057
0.363997 1.013930
0.358214 1.014193
0.350228 1.014842
0.344115 1.015422
0.305099 1.020563
0.298051 1.021563
0.187570 1.037355
0.135235 1.046669
0.108017 1.052095
0.089546 1.056163
0.080140 1.058956
0.056183 1.066139
0.038692 1.079050
0.000000 1.183747
18
1.000000 1.000000
0.968014 1.000139
0.938546 1.000475
0.853179 1.001724
0.843768 1.001882
0.653724 1.006699
0.406569 1.013703
0.339629 1.016194
0.294520 1.018441
0.272504 1.019650
0.257592 1.020671
0.238811 1.022508
0.211203 1.025704
0.198824 1.027260
0.060793 1.047960
0.053403 1.049878
0.005464 1.079598
0.000000 1.092587
29
1.000000 1.000000
0.803291 1.001088
0.786166 1.001249
0.768579 1.001502
0.755023 1.001734
0.717512 1.002427
0.700243 1.002760
0.683293 1.003138
0.658273 1.003734
0.642823 1.004127
0.631792 1.004424
0.472930 1.010408
0.458270 1.010978
0.453216 1.011208
0.437221 1.011971
0.343835 1.016488
0.267635 1.021290
0.239754 1.023083
0.154002 1.029753
0.144294 1.030639
0.135271 1.031876
0.087652 1.040410
0.079185 1.042467
0.059660 1.047901
0.051441 1.050342
0.036156 1.061624
0.032445 1.066585
0.001627 1.136922
0.000000 1.147658
12
1.000000 1.000000
0.322373 1.002834
0.266889 1.003101
0.237222 1.003269
0.155342 1.006235
0.074114 1.009360
0.065942 1.009969
0.060948 1.010370
0.047480 1.011730
0.038889 1.013240
0.023238 1.016439
0.000000 1.033547
5
1.000000 1.000000
0.457522 1.000060
0.016504 1.008258
0.008341 1.031406
0.000000 1.063505
13
1.000000 1.000000
0.900948 1.003479
0.523004 1.019800
0.477813 1.022302
0.333605 1.059053
0.254681 1.083503
0.202258 1.105549
0.194741 1.109382
0.122855 1.149515
0.026598 1.260823
0.017723 1.297787
0.010952 1.364809
0.000000 1.536449
7
1.000000 1.000000
0.312004 1.018658
0.248580 1.021031
0.236828 1.022171
0.215208 1.024551
0.008597 1.053821
0.000000 1.070926
7
1.000000 1.000000
0.991565 1.000000
0.985284 1.000003
0.977839 1.000030
0.930001 1.000615
0.002328 1.012233
0.000000 1.026880
8
1.000000 1.000000
0.990985 1.000000
0.939896 1.000046
0.930024 1.000061
0.892888 1.000136
0.657133 1.000861
0.008362 1.003501
0.000448 1.012436
18
1.000000 1.000000
0.973904 1.000078
0.926325 1.000337
0.878281 1.000623
0.696138 1.002143
0.651138 1.002823
0.596888 1.003739
0.579376 1.004041
0.430435 1.008146
0.315452 1.011872
0.253637 1.014097
0.124481 1.020451
0.110051 1.021288
0.084897 1.022864
0.068711 1.024847
0.058952 1.026746
0.023872 1.034793
0.000000 1.063395
9
1.000000 1.000000
0.932554 1.000104
0.778869 1.000496
0.627560 1.001246
0.569459 1.001581
0.076629 1.004649
0.016394 1.007257
0.007499 1.011652
0.000000 1.031069
12
1.000000 1.000000
0.985468 1.000007
0.626782 1.000249
0.459698 1.000699
0.079933 1.006835
0.072765 1.007129
0.064068 1.008072
0.033954 1.015910
0.023562 1.019734
0.008230 1.028443
0.006103 1.034872
0.002425 1.054260
17
1.000000 1.000000
0.980179 1.000012
0.951869 1.000052
0.677789 1.000610
0.535357 1.000937
0.511718 1.001162
0.483078 1.001464
0.461722 1.002248
0.434205 1.003480
0.365840 1.006813
0.294730 1.010454
0.255698 1.013181
0.237506 1.014498
0.228452 1.015276
0.117027 1.025964
0.023046 1.044354
0.003736 1.054875
16
1.000000 1.000000
0.878254 1.000322
0.836061 1.000499
0.737237 1.001502
0.709661 1.001894
0.503910 1.006403
0.460928 1.007370
0.440261 1.008012
0.427701 1.009128
0.162052 1.034982
0.144326 1.042115
0.117050 1.064737
0.094184 1.102754
0.092601 1.109668
0.001388 1.833220
0.000934 1.870666
11
1.000000 1.000000
0.973869 1.000025
0.429520 1.001876
0.105639 1.006838
0.075197 1.007642
0.065925 1.008744
0.054111 1.010875
0.048867 1.011910
0.040611 1.013746
0.004074 1.024964
0.001768 1.033819
21
1.000000 1.000000
0.985341 1.000039
0.942600 1.000198
0.801464 1.000735
0.757613 1.001178
0.720718 1.001683
0.387103 1.008616
0.369242 1.009218
0.352338 1.009790
0.320860 1.011216
0.268362 1.014541
0.251887 1.015714
0.242156 1.016464
0.184405 1.021261
0.125066 1.027028
0.104961 1.029423
0.049649 1.038474
0.029058 1.042383
0.022758 1.043683
0.004465 1.048056
0.000000 1.052283
26
1.000000 1.000000
0.563111 1.000103
0.526179 1.000420
0.517256 1.000519
0.510528 1.000621
0.503451 1.000742
0.483870 1.001104
0.475805 1.001309
0.470047 1.001464
0.462394 1.001762
0.379975 1.004989
0.317333 1.008861
0.312265 1.009323
0.240291 1.016808
0.231589 1.017890
0.225460 1.018717
0.220469 1.019444
0.192794 1.024417
0.187014 1.025603
0.172499 1.029005
0.149041 1.034577
0.058824 1.056711
0.053940 1.058023
0.044590 1.060599
0.006287 1.071386
0.000000 1.101571
13
1.000000 1.000000
0.461846 1.000252
0.282837 1.001928
0.252836 1.002366
0.218344 1.003253
0.142763 1.007851
0.070097 1.012988
0.051424 1.016266
0.039997 1.018390
0.034922 1.019642
0.022300 1.022900
0.010386 1.029362
0.003643 1.036875
17
1.000000 1.000000
0.989574 1.000005
0.916929 1.000270
0.844465 1.000569
0.652410 1.002170
0.644855 1.002234
0.414831 1.005903
0.312168 1.008839
0.287609 1.009737
0.257442 1.011144
0.202099 1.014559
0.167643 1.016834
0.149129 1.018364
0.076332 1.025995
0.066408 1.028543
0.041489 1.035360
0.000000 1.069568
18
1.000000 1.000000
0.620638 1.000616
0.422322 1.001102
0.416451 1.001121
0.382966 1.001579
0.281883 1.003276
0.265673 1.003823
0.255678 1.004417
0.228459 1.006400
0.208460 1.008516
0.090807 1.021100
0.079967 1.023372
0.067700 1.026304
0.060778 1.028369
0.054509 1.030795
0.024321 1.045826
0.014281 1.052248
0.000000 1.079565
23
1.000000 1.000000
0.961182 1.000016
0.922163 1.000051
0.823364 1.000237
0.797561 1.000330
0.765528 1.000692
0.616035 1.002775
0.610741 1.002900
0.605686 1.003060
0.403780 1.009454
0.358641 1.010928
0.333820 1.011804
0.276339 1.013936
0.264988 1.014439
0.251123 1.015496
0.157222 1.023432
0.141482 1.024771
0.119895 1.026629
0.102963 1.028643
0.088726 1.030400
0.038409 1.041869
0.008966 1.049324
0.000000 1.052374
14
1.000000 1.000000
0.954814 1.000563
0.934985 1.000854
0.917897 1.001119
0.911762 1.001273
0.522203 1.013567
0.478096 1.015319
0.468205 1.015882
0.383616 1.020827
0.368109 1.021839
0.119583 1.038827
0.114185 1.039802
0.071237 1.047913
0.000000 1.066271
25
1.000000 1.000000
0.992838 1.000001
0.982129 1.000007
0.921979 1.000087
0.880295 1.000408
0.857484 1.000609
0.842888 1.000740
0.820431 1.001042
0.666853 1.003349
0.656120 1.003543
0.630613 1.004030
0.615911 1.004377
0.610206 1.004520
0.499289 1.008249
0.420531 1.010925
0.409273 1.011335
0.401896 1.011615
0.368511 1.013796
0.349354 1.015062
0.302956 1.018850
0.190052 1.035088
0.009718 1.061132
0.003931 1.075083
0.002034 1.082304
0.001128 1.110020
7
1.000000 1.000000
0.923222 1.002324
0.615029 1.011971
0.253316 1.030941
0.181051 1.037319
0.157504 1.041761
0.025256 1.071919
13
1.000000 1.000000
0.978737 1.000055
0.847865 1.001050
0.779856 1.001647
0.687296 1.002800
0.655601 1.003370
0.582066 1.008799
0.561352 1.010501
0.518710 1.014365
0.467577 1.019382
0.265999 1.048415
0.017536 1.100728
0.000000 1.128456
21
1.000000 1.000000
0.990954 1.000002
0.857287 1.000150
0.565833 1.000796
0.498227 1.001059
0.482524 1.001143
0.424168 1.001531
0.417781 1.001614
0.407499 1.001842
0.287372 1.005009
0.281684 1.005189
0.210959 1.007625
0.188266 1.008433
0.165617 1.010167
0.134459 1.012682
0.128862 1.013384
0.120188 1.014548
0.100690 1.017301
0.045639 1.025612
0.014306 1.031943
0.001074 1.038091
12
1.000000 1.000000
0.945657 1.000458
0.778244 1.003832
0.716449 1.005205
0.673992 1.006774
0.645336 1.008792
0.636706 1.009521
0.589620 1.013683
0.550359 1.017532
0.408244 1.032979
0.125159 1.064313
0.000000 1.082337
21
1.000000 1.000000
0.933832 1.000495
0.858027 1.001700
0.846652 1.001889
0.822951 1.002292
0.785067 1.003016
0.763402 1.003434
0.510260 1.008868
0.488996 1.009341
0.466050 1.009858
0.448983 1.010329
0.369357 1.015741
0.361903 1.016346
0.342285 1.018006
0.319506 1.019974
0.134424 1.037514
0.114362 1.042044
0.104954 1.044312
0.017048 1.070591
0.008106 1.076526
0.005935 1.086523
17
1.000000 1.000000
0.991496 1.000000
0.976593 1.000004
0.929653 1.000050
0.894502 1.000096
0.888140 1.000107
0.286092 1.001923
0.266240 1.002064
0.257572 1.002275
0.208345 1.004139
0.117763 1.008219
0.098751 1.009215
0.081083 1.010927
0.074529 1.012046
0.048450 1.018253
0.032220 1.026218
0.002373 1.132948
15
1.000000 1.000000
0.774294 1.000766
0.749304 1.000875
0.722250 1.001023
0.697926 1.001255
0.328932 1.008398
0.219203 1.011148
0.188826 1.012323
0.153583 1.014078
0.134351 1.015326
0.113907 1.017057
0.056707 1.023584
0.041553 1.025643
0.030776 1.027323
0.000000 1.042344
23
1.000000 1.000000
0.940730 1.000025
0.927525 1.000101
0.922118 1.000137
0.859887 1.000865
0.818400 1.001376
0.728305 1.002748
0.363449 1.008362
0.352295 1.008725
0.345696 1.009066
0.334466 1.010117
0.328221 1.011234
0.283467 1.020699
0.190588 1.041810
0.136139 1.056140
0.125145 1.059669
0.116706 1.063664
0.077730 1.084072
0.056269 1.095350
0.048604 1.100390
0.032868 1.111159
0.002144 1.148903
0.000000 1.189189
8
1.000000 1.000000
0.986744 1.000012
0.935307 1.000123
0.125962 1.002350
0.091857 1.003715
0.059942 1.005666
0.033307 1.007471
0.000000 1.015514
22
1.000000 1.000000
0.987833 1.000077
0.832384 1.001390
0.821553 1.001492
0.813960 1.001585
0.773805 1.002096
0.419601 1.010253
0.401773 1.010732
0.362925 1.012111
0.341293 1.013092
0.333124 1.013464
0.318075 1.014184
0.308038 1.014666
0.264306 1.016927
0.252839 1.017885
0.226981 1.020120
0.122540 1.031218
0.109524 1.033127
0.093207 1.035671
0.082271 1.038527
0.056132 1.053738
0.000000 1.103259
7
1.000000 1.000000
0.895374 1.000804
0.831350 1.002028
0.580956 1.007609
0.472401 1.010362
0.011143 1.022063
0.000000 1.025992
18
1.000000 1.000000
0.879761 1.000527
0.739902 1.001523
0.626845 1.003175
0.611918 1.003424
0.605760 1.003716
0.553774 1.006407
0.521726 1.008314
0.384217 1.017540
0.333490 1.021206
0.321937 1.022609
0.167613 1.053724
0.161734 1.055204
0.143111 1.066736
0.127315 1.082789
0.122318 1.101532
0.119086 1.116666
0.000000 2.185638
7
1.000000 1.000000
0.961660 1.000009
0.252996 1.001369
0.224197 1.002360
0.130632 1.010118
0.017330 1.019985
0.000000 1.022384
17
1.000000 1.000000
0.858380 1.000370
0.844915 1.000433
0.831512 1.000518
0.809898 1.000734
0.417076 1.005891
0.316349 1.009369
0.285674 1.010747
0.270018 1.011659
0.260353 1.012562
0.245720 1.014202
0.166407 1.029545
0.155843 1.032033
0.147027 1.034423
0.020707 1.142482
0.007614 1.154010
0.000000 1.177871
11
1.000000 1.000000
0.968596 1.000027
0.942829 1.000099
0.937451 1.000131
0.921870 1.000246
0.870204 1.000656
0.701668 1.002272
0.622771 1.003477
0.425908 1.006926
0.008394 1.014562
0.000000 1.019160
13
1.000000 1.000000
0.964733 1.000027
0.946159 1.000048
0.660073 1.000679
0.629597 1.000977
0.588840 1.001405
0.415205 1.003508
0.301715 1.005056
0.260476 1.005870
0.214555 1.007112
0.071396 1.039502
0.021213 1.051601
0.004160 1.070629
25
1.000000 1.000000
0.994850 1.000000
0.938282 1.000014
0.930084 1.000030
0.924360 1.000046
0.892514 1.000377
0.569714 1.007758
0.537007 1.008744
0.529849 1.008995
0.420803 1.013603
0.400693 1.014476
0.369231 1.016500
0.362581 1.017014
0.227382 1.029416
0.221641 1.030013
0.209317 1.031527
0.197080 1.033099
0.174422 1.036237
0.155791 1.039469
0.148144 1.041114
0.115360 1.051293
0.014432 1.085113
0.009019 1.091004
0.002972 1.099045
0.000000 1.115678
15
1.000000 1.000000
0.963227 1.000028
0.910263 1.000144
0.873552 1.000271
0.779679 1.000683
0.661857 1.001813
0.656214 1.001868
0.648669 1.001947
0.211434 1.006813
0.198157 1.007010
0.111575 1.012811
0.090590 1.015233
0.058321 1.019384
0.008410 1.025942
0.001441 1.027217
15
1.000000 1.000000
0.989984 1.000027
0.555774 1.004174
0.520622 1.004730
0.421303 1.007254
0.294116 1.010958
0.286421 1.011201
0.253214 1.012655
0.244908 1.013125
0.192394 1.016585
0.161752 1.018930
0.114559 1.025110
0.040082 1.045383
0.013033 1.053466
0.001481 1.059060
21
1.000000 1.000000
0.932207 1.000071
0.746539 1.000599
0.555851 1.001158
0.428965 1.001665
0.403349 1.001776
0.375618 1.001928
0.350685 1.002166
0.323050 1.003359
0.286924 1.005158
0.272779 1.006068
0.253680 1.007355
0.138942 1.015867
0.119616 1.017505
0.102109 1.019018
0.095079 1.019641
0.084031 1.021363
0.053537 1.030173
0.038594 1.035012
0.032843 1.039404
0.001296 1.124538
19
1.000000 1.000000
0.990441 1.000003
0.985193 1.000012
0.940894 1.000171
0.885899 1.000793
0.806621 1.001829
0.549971 1.005404
0.375840 1.008794
0.336885 1.009580
0.308624 1.010393
0.289464 1.011945
0.270476 1.013535
0.126860 1.027015
0.112189 1.028893
0.105167 1.030089
0.097603 1.031435
0.056699 1.041988
0.011591 1.057391
0.000000 1.069587
14
1.000000 1.000000
0.788995 1.001012
0.466015 1.005324
0.371563 1.006629
0.300914 1.009371
0.293305 1.009745
0.286825 1.010159
0.135067 1.022215
0.115858 1.028185
0.071231 1.045392
0.059929 1.052019
0.054043 1.056610
0.007750 1.101835
0.000000 1.118797
12
1.000000 1.000000
0.586938 1.001012
0.566119 1.002249
0.258757 1.027679
0.129485 1.054500
0.047624 1.074279
0.041092 1.077954
0.027392 1.086604
0.014213 1.099994
0.009372 1.105187
0.006440 1.111017
0.003471 1.208511
13
1.000000 1.000000
0.994424 1.000006
0.748876 1.000607
0.741537 1.000631
0.728168 1.000738
0.681658 1.001409
0.181767 1.016541
0.175613 1.016749
0.125307 1.018603
0.087070 1.032880
0.041403 1.058626
0.009993 1.105683
0.000000 1.132976
10
1.000000 1.000000
0.837456 1.003798
0.797651 1.004982
0.577981 1.013203
0.256208 1.027947
0.127333 1.034418
0.093334 1.056199
0.047881 1.091280
0.036198 1.112656
0.022238 1.139352
9
1.000000 1.000000
0.973238 1.000003
0.815904 1.000142
0.808766 1.000189
0.133874 1.006673
0.069369 1.009094
0.018612 1.036720
0.008044 1.074376
0.000000 1.106273
25
1.000000 1.000000
0.761462 1.000145
0.740300 1.000168
0.729428 1.000237
0.710066 1.000382
0.667846 1.001210
0.650002 1.001638
0.626148 1.002325
0.608170 1.003014
0.591033 1.003801
0.578022 1.004463
0.493699 1.009167
0.487799 1.009521
0.453256 1.011622
0.425484 1.013465
0.219404 1.028817
0.202410 1.030303
0.141749 1.036203
0.126144 1.037753
0.091926 1.042392
0.046583 1.049508
0.038457 1.050786
0.029546 1.053320
0.023750 1.060604
0.000000 1.117614
9
1.000000 1.000000
0.910087 1.000791
0.782387 1.004733
0.642144 1.009583
0.209451 1.039486
0.166246 1.061772
0.104207 1.117530
0.046153 1.264610
0.044582 1.276874
14
1.000000 1.000000
0.910900 1.000037
0.905674 1.000040
0.897069 1.000097
0.798030 1.001256
0.777055 1.001521
0.633672 1.003705
0.264919 1.010318
0.249603 1.011030
0.075685 1.021371
0.064685 1.022493
0.049642 1.031139
0.000746 1.150910
0.000000 1.160184
16
1.000000 1.000000
0.989074 1.000002
0.544108 1.000434
0.506355 1.000609
0.487582 1.001040
0.475098 1.001434
0.197616 1.011121
0.187544 1.011508
0.178291 1.011927
0.170890 1.012693
0.160621 1.014018
0.092984 1.031971
0.073984 1.042523
0.063698 1.053314
0.057862 1.062427
0.003634 1.686686
6
1.000000 1.000000
0.209993 1.001618
0.181321 1.003310
0.071668 1.014652
0.035353 1.019418
0.003013 1.035952
15
1.000000 1.000000
0.989234 1.000002
0.979737 1.000005
0.974614 1.000029
0.596340 1.002848
0.543080 1.003429
0.530955 1.003812
0.252014 1.023881
0.243144 1.024639
0.206016 1.029152
0.060298 1.047305
0.043045 1.051820
0.020576 1.058369
0.005748 1.076325
0.003972 1.091235
8
1.000000 1.000000
0.778590 1.003018
0.653348 1.012707
0.491858 1.028730
0.255450 1.094155
0.024510 1.227661
0.016834 1.243498
0.004732 1.284925
22
1.000000 1.000000
0.907219 1.000247
0.753487 1.001358
0.716864 1.001640
0.530639 1.003192
0.472579 1.004097
0.466935 1.004196
0.444524 1.004625
0.437342 1.004778
0.422554 1.005143
0.389707 1.005974
0.381957 1.006207
0.353567 1.007143
0.315883 1.009287
0.304977 1.009928
0.254148 1.013174
0.172320 1.019307
0.117718 1.025295
0.097242 1.027801
0.085374 1.030481
0.007124 1.056054
0.000000 1.067823
14
1.000000 1.000000
0.990545 1.000030
0.797264 1.001798
0.777264 1.002032
0.720753 1.002815
0.327578 1.013902
0.212340 1.017361
0.186236 1.018241
0.115284 1.021442
0.110012 1.021758
0.077805 1.025165
0.060324 1.029744
0.006691 1.053065
0.001239 1.060646
9
1.000000 1.000000
0.984678 1.000005
0.544474 1.032680
0.194725 1.069002
0.160509 1.074028
0.153728 1.075437
0.129401 1.086969
0.020710 1.148142
0.014641 1.202421
17
1.000000 1.000000
0.988376 1.000000
0.974841 1.000004
0.961679 1.000041
0.818023 1.000614
0.622442 1.002402
0.615173 1.002492
0.560607 1.003239
0.306773 1.007860
0.110054 1.015084
0.091643 1.016709
0.080066 1.017767
0.062046 1.023471
0.053396 1.028192
0.034501 1.044948
0.005691 1.075973
0.002618 1.081675
7
1.000000 1.000000
0.754519 1.000086
0.614873 1.002199
0.115144 1.030899
0.089585 1.032727
0.019990 1.038553
0.000000 1.065254
16
1.000000 1.000000
0.985078 1.000029
0.976477 1.000090
0.965822 1.000230
0.917853 1.000961
0.723591 1.003950
0.708772 1.004449
0.678751 1.006139
0.670571 1.006654
0.605836 1.010901
0.585784 1.012329
0.209973 1.045765
0.190926 1.047965
0.032364 1.066563
0.020321 1.073838
0.000000 1.098455
9
1.000000 1.000000
0.980654 1.000012
0.953024 1.000051
0.685519 1.000596
0.678437 1.000614
0.655366 1.000834
0.627413 1.001129
0.012066 1.019192
0.000000 1.021141
