9
1.000000 1.000000
0.796303 1.000438
0.696581 1.009572
0.537583 1.024524
0.460196 1.037880
0.355657 1.080922
0.133880 1.175795
0.001001 1.245738
0.000000 1.271325
6
1.000000 1.000000
0.902637 1.004759
0.674598 1.024787
0.409875 1.073369
0.018640 1.182828
0.000000 1.317866
10
1.000000 1.000000
0.721644 1.001705
0.650844 1.002872
0.254128 1.010678
0.140075 1.018934
0.087491 1.028087
0.079056 1.031497
0.047918 1.049354
0.022613 1.105258
0.021626 1.122128
5
1.000000 1.000000
0.094813 1.057991
0.080780 1.061529
0.067946 1.072324
0.000000 1.142129
4
1.000000 1.000000
0.993117 1.000039
0.550875 1.049125
0.011445 1.298092
9
1.000000 1.000000
0.875798 1.000645
0.388025 1.008627
0.206494 1.013110
0.196543 1.013721
0.108613 1.026797
0.037291 1.041944
0.014027 1.055495
0.000000 1.069794
8
1.000000 1.000000
0.423319 1.010039
0.411480 1.010247
0.167140 1.018279
0.084470 1.022571
0.073253 1.025549
0.043343 1.047082
0.010178 1.133006
6
1.000000 1.000000
0.348153 1.007978
0.241636 1.028600
0.119515 1.111504
0.022616 1.260134
0.000000 1.440516
9
1.000000 1.000000
0.994246 1.000033
0.897452 1.004603
0.559132 1.025086
0.510603 1.028144
0.303370 1.051455
0.184711 1.070097
0.031235 1.123426
0.013908 1.134177
5
1.000000 1.000000
0.242013 1.013220
0.083506 1.034610
0.049981 1.045778
0.000000 1.384755
4
1.000000 1.000000
0.958133 1.000375
0.021716 1.031291
0.000000 1.051693
5
1.000000 1.000000
0.877829 1.000155
0.774109 1.001085
0.011938 1.012558
0.000000 1.088837
8
1.000000 1.000000
0.909929 1.003173
0.893818 1.004394
0.562031 1.031916
0.354488 1.078172
0.339049 1.084762
0.068347 1.292427
0.048575 1.333679
3
1.000000 1.000000
0.002286 1.139529
0.000000 1.217074
4
1.000000 1.000000
0.541751 2.007512
0.059520 3.362612
0.000000 4.634788
9
1.000000 1.000000
0.781971 1.002985
0.525721 1.012207
0.334453 1.035450
0.185191 1.059971
0.124154 1.076390
0.027507 1.104163
0.000853 1.119249
0.000000 1.143611
4
1.000000 1.000000
0.221040 1.670213
0.098109 4.046099
0.000000 5.969267
9
1.000000 1.000000
0.953664 1.000160
0.941712 1.000224
0.806037 1.005864
0.383055 1.045663
0.360208 1.048515
0.103663 1.083827
0.017752 1.096228
0.000000 1.109078
6
1.000000 1.000000
0.499292 1.007337
0.106835 1.112885
0.037070 1.146737
0.024070 1.158322
0.020981 1.311108
12
1.000000 1.000000
0.798946 1.004044
0.742386 1.006442
0.724119 1.007391
0.675926 1.010431
0.534164 1.023762
0.469015 1.034639
0.387801 1.057117
0.189592 1.144272
0.052097 1.215919
0.040077 1.225513
0.000000 1.264419
6
1.000000 1.000000
0.420881 1.072293
0.262954 1.142414
0.107974 1.222774
0.084549 1.265746
0.000000 1.601458
5
1.000000 1.000000
0.781064 1.012012
0.433092 1.112116
0.148670 1.238956
0.000000 1.319814
6
1.000000 1.000000
0.226434 1.073514
0.164447 1.081711
0.075307 1.126537
0.003586 1.177510
0.000000 1.317111
5
1.000000 1.000000
0.617689 1.003771
0.599794 1.006651
0.010010 1.109359
0.000000 1.220843
3
1.000000 1.000000
0.182306 1.021955
0.000000 1.123109
6
1.000000 1.000000
0.980350 1.000112
0.888502 1.006288
0.710981 1.062093
0.375589 1.187963
0.000000 1.726589
8
1.000000 1.000000
0.910312 1.003160
0.893419 1.004132
0.555022 1.027101
0.361548 1.106763
0.216078 1.172996
0.064289 1.286747
0.053412 1.315975
9
1.000000 1.000000
0.992859 1.000041
0.735667 1.028971
0.588403 1.052108
0.155017 1.126658
0.064839 1.146407
0.048109 1.150692
0.023136 1.162362
0.013996 1.211327
8
1.000000 1.000000
0.994880 1.000029
0.975305 1.000205
0.951927 1.000966
0.921234 1.002048
0.675835 1.016649
0.199930 1.055388
0.010036 1.074787
8
1.000000 1.000000
0.924551 1.002455
0.851558 1.007271
0.333900 1.054863
0.324551 1.056185
0.217092 1.071860
0.165911 1.080170
0.007365 1.148159
9
1.000000 1.000000
0.930896 1.000804
0.743003 1.010446
0.678586 1.014598
0.617919 1.020356
0.271059 1.077541
0.222312 1.088389
0.002946 1.147984
0.000000 1.157627
7
1.000000 1.000000
0.936475 1.000918
0.896814 1.001759
0.212873 1.045550
0.099476 1.057980
0.059510 1.073393
0.042414 1.086702
5
1.000000 1.000000
0.075952 1.002104
0.042338 1.007236
0.020784 1.018013
0.000000 1.052089
5
1.000000 1.000000
0.265997 1.090133
0.254106 1.095257
0.004599 1.204769
0.000000 1.213835
7
1.000000 1.000000
0.857001 1.001988
0.316064 1.030873
0.227171 1.044229
0.174991 1.055473
0.030376 1.102684
0.027270 1.129892
6
1.000000 1.000000
0.865862 1.016087
0.769340 1.032766
0.334516 1.109297
0.303525 1.131062
0.112255 1.472912
8
1.000000 1.000000
0.789599 1.008248
0.337341 1.033413
0.270656 1.054243
0.074934 1.119810
0.036768 1.150007
0.019572 1.169999
0.000000 1.235006
9
1.000000 1.000000
0.726929 1.005629
0.532300 1.010244
0.476836 1.018734
0.426818 1.026855
0.138981 1.075028
0.073182 1.090347
0.022610 1.118217
0.019564 1.313769
6
1.000000 1.000000
0.721134 1.000179
0.411054 1.003577
0.221537 1.045703
0.070477 1.128700
0.049996 1.162866
3
1.000000 1.000000
0.159047 1.008894
0.093726 1.117731
4
1.000000 1.000000
0.585782 1.027148
0.153373 1.063112
0.015393 1.128743
4
1.000000 1.000000
0.860067 1.002753
0.014245 1.072780
0.000000 1.179076
3
1.000000 1.000000
0.825491 1.006283
0.000000 1.144520
4
1.000000 1.000000
0.625176 1.178488
0.160639 3.565524
0.154533 3.632222
12
1.000000 1.000000
0.863802 1.000658
0.664353 1.002932
0.493447 1.008378
0.436419 1.014122
0.339238 1.026988
0.273413 1.037101
0.068278 1.074083
0.062713 1.075758
0.048950 1.081443
0.017114 1.114176
0.000000 1.133146
12
1.000000 1.000000
0.734918 1.000570
0.729671 1.000600
0.683857 1.001769
0.668626 1.002219
0.602033 1.006386
0.578106 1.008036
0.372062 1.031362
0.358389 1.033251
0.038349 1.175432
0.001259 1.196990
0.000000 1.204785
10
1.000000 1.000000
0.768714 1.007710
0.658628 1.011744
0.619812 1.014433
0.410758 1.035052
0.272344 1.051098
0.176692 1.065890
0.075482 1.084177
0.025818 1.093770
0.000000 1.202779
2
1.000000 1.000000
0.000000 1.008427
8
1.000000 1.000000
0.977858 1.000136
0.957624 1.000273
0.859245 1.001090
0.476359 1.006745
0.170050 1.060499
0.045238 1.090203
0.000000 1.113231
3
1.000000 1.000000
0.067618 1.034927
0.015866 1.203706
11
1.000000 1.000000
0.598386 1.007552
0.547796 1.009414
0.522346 1.011173
0.506311 1.012622
0.435651 1.019967
0.201117 1.049555
0.126112 1.098903
0.042417 1.159011
0.017484 1.177012
0.000000 1.204221
10
1.000000 1.000000
0.638681 1.016325
0.589788 1.020157
0.573547 1.021573
0.516908 1.030901
0.495086 1.034816
0.400217 1.056972
0.082126 1.132600
0.051558 1.158587
0.000000 1.239630
6
1.000000 1.000000
0.630295 1.005881
0.229516 1.042677
0.088771 1.147739
0.079631 1.229834
0.077565 1.258841
11
1.000000 1.000000
0.784119 1.007380
0.730690 1.012693
0.606219 1.038965
0.592542 1.042999
0.303946 1.140018
0.245400 1.168651
0.209190 1.208600
0.194529 1.225524
0.166585 1.314376
0.112368 1.618912
6
1.000000 1.000000
0.924319 1.004018
0.276772 1.045674
0.155491 1.060751
0.047665 1.266524
0.020570 1.516202
4
1.000000 1.000000
0.362329 1.084112
0.290439 1.155284
0.000000 1.633357
7
1.000000 1.000000
0.675231 1.007354
0.247377 1.021881
0.190656 1.037351
0.162631 1.046722
0.016994 1.099767
0.000000 1.111694
6
1.000000 1.000000
0.269735 1.000440
0.121105 1.003853
0.085765 1.005725
0.013101 1.055929
0.000000 1.083563
9
1.000000 1.000000
0.645594 1.005458
0.533358 1.009168
0.438080 1.017964
0.409305 1.020826
0.315829 1.034656
0.187218 1.079275
0.055588 1.137778
0.048169 1.147740
5
1.000000 1.000000
0.783980 1.004770
0.303928 1.072296
0.025338 1.113617
0.000000 1.154628
6
1.000000 1.000000
0.939545 1.000319
0.316999 1.005826
0.192059 1.011492
0.112370 1.025698
0.000000 1.050080
12
1.000000 1.000000
0.984143 1.000091
0.925154 1.001993
0.912378 1.002809
0.906941 1.003262
0.775915 1.014407
0.319862 1.054911
0.171076 1.110004
0.124773 1.148423
0.046303 1.257068
0.019754 1.307811
0.000000 1.412559
9
1.000000 1.000000
0.992805 1.000041
0.980387 1.000370
0.947535 1.001439
0.754451 1.012499
0.706468 1.016735
0.354303 1.061840
0.031208 1.112495
0.000000 1.125324
4
1.000000 1.000000
0.570390 1.003252
0.002678 1.052219
0.000000 1.430757
5
1.000000 1.000000
0.795773 1.000870
0.160901 1.007183
0.095913 1.077502
0.091944 1.123398
5
1.000000 1.000000
0.467501 1.046512
0.164580 1.372093
0.016696 1.877758
0.000000 2.083482
9
1.000000 1.000000
0.928414 1.004398
0.601759 1.026387
0.471537 1.036648
0.328121 1.055216
0.196677 1.087711
0.064256 1.362082
0.043978 1.425849
0.001955 1.645248
6
1.000000 1.000000
0.803935 1.000087
0.077481 1.029471
0.054919 1.055969
0.001399 1.229034
0.000000 1.235680
5
1.000000 1.000000
0.767599 1.003829
0.190280 1.049190
0.043299 1.202651
0.000000 1.333137
8
1.000000 1.000000
0.959874 1.003784
0.937564 1.006149
0.872527 1.014663
0.843910 1.020497
0.530233 1.089239
0.246827 1.162239
0.000000 1.250532
9
1.000000 1.000000
0.676404 1.009121
0.612954 1.014276
0.225116 1.069531
0.194977 1.076404
0.134699 1.117118
0.101520 1.149108
0.083410 1.167350
0.000000 1.252346
9
1.000000 1.000000
0.714221 1.001648
0.688597 1.001977
0.495963 1.050589
0.433427 1.074153
0.310991 1.128409
0.301392 1.134382
0.078149 1.400305
0.073535 1.419338
7
1.000000 1.000000
0.697162 1.016361
0.311686 1.037896
0.256260 1.052254
0.112020 1.095826
0.043406 1.125376
0.000000 1.190484
7
1.000000 1.000000
0.731338 1.004591
0.583785 1.013130
0.318336 1.051051
0.286659 1.057938
0.245340 1.073822
0.000000 1.172895
7
1.000000 1.000000
0.553716 1.047284
0.355884 1.069319
0.201644 1.129347
0.117675 1.162577
0.091472 1.174131
0.000000 1.313244
7
1.000000 1.000000
0.517221 1.007938
0.464804 1.009644
0.395985 1.012071
0.167684 1.032933
0.029850 1.072558
0.000000 1.102801
5
1.000000 1.000000
0.233189 1.030767
0.077907 1.074176
0.030081 1.190998
0.017897 1.238063
8
1.000000 1.000000
0.875538 1.016947
0.410659 1.210373
0.311847 1.276418
0.201669 1.363352
0.087702 1.643662
0.014284 1.905386
0.000000 1.981210
6
1.000000 1.000000
0.897004 1.048065
0.571161 1.267166
0.223887 1.589471
0.019143 2.085102
0.000000 2.303787
8
1.000000 1.000000
0.991581 1.000048
0.966662 1.000433
0.928224 1.001684
0.808871 1.011161
0.742195 1.017751
0.296291 1.127339
0.100928 1.408380
3
1.000000 1.000000
0.050210 1.014535
0.024625 1.080841
4
1.000000 1.000000
0.351064 1.344778
0.122340 1.671180
0.000000 1.979207
8
1.000000 1.000000
0.081427 1.014751
0.064741 1.016325
0.055464 1.017308
0.031633 1.027011
0.017865 1.033469
0.005737 1.058218
0.002655 1.065397
16
1.000000 1.000000
0.953850 1.000330
0.926953 1.001320
0.758306 1.008196
0.717327 1.010176
0.660011 1.013641
0.646480 1.014576
0.539879 1.023817
0.531353 1.024587
0.516942 1.026293
0.271562 1.057536
0.230308 1.064741
0.171947 1.080693
0.119637 1.104950
0.069362 1.146425
0.031408 1.209901
5
1.000000 1.000000
0.179047 1.014119
0.092806 1.020953
0.035162 1.047212
0.000000 1.133903
8
1.000000 1.000000
0.640138 1.002259
0.411917 1.006668
0.345666 1.010540
0.298129 1.015057
0.270381 1.020865
0.118628 1.072704
0.000000 1.124113
5
1.000000 1.000000
0.946868 1.000320
0.754368 1.004038
0.734338 1.005437
0.004997 1.057130
2
1.000000 1.000000
0.072635 6.782095
9
1.000000 1.000000
0.774034 1.004545
0.710466 1.007241
0.551139 1.022224
0.504373 1.029276
0.477635 1.035357
0.254866 1.133530
0.016958 1.239695
0.000000 1.255775
6
1.000000 1.000000
0.924734 1.000463
0.855952 1.000926
0.167902 1.044002
0.057434 1.068550
0.005095 1.096341
5
1.000000 1.000000
0.171044 1.001600
0.095854 1.021997
0.028796 1.064391
0.008132 1.090788
4
1.000000 1.000000
0.029648 1.158668
0.002513 1.175251
0.000000 1.493342
14
1.000000 1.000000
0.986110 1.000131
0.901722 1.002941
0.839037 1.005099
0.825996 1.005621
0.766611 1.008498
0.738961 1.010132
0.571984 1.025918
0.525901 1.038239
0.273425 1.131091
0.256953 1.142432
0.141092 1.258587
0.084126 1.361245
0.082132 1.385855
2
1.000000 1.000000
0.000000 1.031152
2
1.000000 1.000000
0.000000 1.043692
7
1.000000 1.000000
0.525959 1.011786
0.468298 1.015590
0.451440 1.017529
0.391467 1.025213
0.005744 1.155378
0.004774 1.174772
3
1.000000 1.000000
0.661896 1.049195
0.000000 1.313059
7
1.000000 1.000000
0.982673 1.000403
0.866353 1.009402
0.749631 1.019073
0.529483 1.047817
0.038012 1.129617
0.000000 1.146676
6
1.000000 1.000000
0.433520 1.077923
0.083030 1.148676
0.067086 1.162263
0.049569 1.266379
0.046721 1.307959
7
1.000000 1.000000
0.749314 1.074870
0.517383 1.151418
0.233913 1.252364
0.168192 1.304819
0.076853 1.491156
0.053217 1.688015
