5208 8435
9407 1654
401 9277
12002 1836
8286 10872
2978 8768
11320 8853
11740 3941
5469 10043
5177 13884
9953 5252
9295 9816
3014 10312
4097 1627
8991 2449
1583 184
10883 10989
9535 4968
13949 1206
487 8221
5761 11162
10672 3066
6000 2082
7006 5152
12124 5866
5021 1746
4801 301
11561 7815
4297 1643
9441 13287
11790 11023
7154 8658
7998 2674
7309 1616
11577 7796
3520 3323
4943 178
6389 4627
2259 7078
9778 8066
12944 785
9811 3730
8783 1041
11544 13079
10382 6970
12351 8157
3979 13188
10498 5660
1847 3793
7275 13423
5272 10795
2732 10214
4656 2804
826 598
9881 4288
2347 2494
5072 5841
6224 7538
6881 3753
6603 3248
4407 12637
11404 2069
11811 7888
7728 7341
5364 8686
434 10635
13164 10863
518 11503
13666 9042
12100 3216
13329 432
5710 12084
6272 11933
5607 6837
9369 12209
10084 7459
4516 7474
9527 2312
9045 10938
3336 8092
13308 3769
4712 12457
617 12927
3630 7966
7954 1715
11182 952
9845 2877
13035 9800
8493 4628
2622 11545
10520 12706
4990 1021
13863 502
11030 2577
5124 352
10668 4417
4120 9063
10557 12435
7975 172
6386 9613
9585 3553
10564 13113
113 9585
2582 2289
7896 5204
7518 4401
11593 12507
13120 5125
6692 10135
7701 5499
10486 4354
9915 8290
7100 142
6710 1060
8011 13095
10672 3581
10332 906
10377 4128
4174 12959
101 12069
11846 7618
10153 3108
13808 9258
8232 6485
5379 1918
11984 9548
13969 1568
3823 7054
9407 10532
1797 3404
3297 6153
6984 7312
7058 11045
5123 11231
9989 5223
2969 7820
12840 13121
10927 12633
8365 12842
12802 13743
8443 4455
9276 2081
13720 13099
2818 9113
3300 4614
12516 280
10766 13183
1275 11507
10213 6398
8723 13885
11620 11691
1374 4130
10798 5984
10446 12846
4811 2917
12574 13253
1055 1519
1319 761
8301 11834
3557 11601
2434 9756
5564 13199
8924 6839
4376 12821
13236 13098
6375 4525
4459 7749
2338 8940
7416 12784
7771 12227
9384 6330
5149 10439
1532 152
4883 9833
11985 8439
7419 404
4180 6666
7287 6787
13504 11662
13291 6409
4429 13350
4618 2571
7084 6955
11510 485
13422 5266
6395 8792
5279 11544
5216 6811
5379 10098
10327 3349
12220 3731
11451 2385
4080 12421
2855 11268
3752 9830
11360 8180
9165 1963
4435 9932
2602 1930
10416 2009
880 10495
10800 13856
1708 9699
336 7086
13480 10662
4118 11685
8076 1554
7753 12156
7658 10608
3093 11409
6423 438
13273 9271
2401 3693
5188 5002
13320 9287
694 7883
5767 5178
7725 7474
862 1744
8243 328
12406 12361
5696 151
7598 13449
12306 8940
3726 1384
6334 3832
9520 13290
13102 11920
2968 4275
10605 9972
13561 4982
3840 13012
10159 11564
155 11021
6992 2082
5032 5383
428 10727
5533 1709
3845 11523
10648 7570
6590 10666
5085 2095
9941 4172
7698 6593
2130 11986
2550 9375
2954 73
2056 13112
5321 2210
3802 12312
4291 8833
11378 12416
13244 10594
7809 10772
8102 12140
4328 8376
8791 3096
4154 12416
7268 5536
12692 3081
3507 1227
12455 144
8997 8194
13256 303
10404 10741
12614 8378
13258 9977
464 12487
6557 8272
2928 8342
81 7255
10401 8872
4035 8239
957 11302
13774 13648
8066 10964
8558 191
11108 3540
8384 4033
3843 12471
759 10140
6835 2
13801 982
6172 27
2937 9100
2052 3017
10038 12453
5572 58
6677 6528
5043 120
13859 6793
11083 8402
6983 8176
5626 1352
12208 3152
7507 6651
13291 327
336 6761
9006 6508
6787 11942
9291 8839
944 13012
961 6516
6754 7637
6727 5480
7756 6572
12272 12522
8657 5240
6684 268
276 12575
3419 7782
5211 10394
1792 5547
3140 10797
5738 9927
8724 8712
12449 3351
7709 13409
3550 8146
715 10277
13626 2154
10532 11883
661 5174
3109 1028
5442 3384
13603 2544
4849 12497
12937 6640
11727 2063
3422 11148
5673 5829
5845 4107
2863 7238
3501 6413
1369 11913
10373 980
52 6890
12863 8410
12063 9655
9438 11188
6722 2710
7416 11570
8890 6338
4195 6603
8400 1300
3736 58
7128 3265
11862 9990
10502 9046
10086 11870
6944 6444
12850 679
13333 5382
9089 5066
1022 12210
9937 1427
8603 3338
12996 3478
9676 3176
3764 11759
12173 7500
5501 5286
10764 3348
8959 7251
12394 5031
12804 13021
11474 5323
7384 4477
10704 2458
9542 5409
8351 13162
6835 2939
2486 5816
100 5845
2675 3864
3589 833
5047 2773
13816 1796
13819 2445
2730 5882
7475 9217
4888 12632
526 12271
10792 4913
8412 6319
10322 10446
5467 10840
7068 1636
10340 7168
7480 6698
4715 4752
7531 9761
7525 1016
5240 1013
3460 7969
6894 4618
10869 5465
10934 11394
3722 7711
2293 5817
7714 6298
9947 6864
3123 3000
8499 7146
3851 9662
13844 8565
399 1044
12009 1607
9757 3234
2619 6901
4886 3196
11518 1741
8661 2121
13134 6066
9832 9110
11882 3531
9091 1498
4078 5898
4498 12576
13043 2032
1907 6556
10597 10003
7599 2275
11610 11040
5509 7912
3926 10394
11108 1429
5818 13452
11248 12636
5503 7065
1415 11068
4279 10506
12566 8356
2389 3049
601 1417
12778 10205
7973 9360
6193 9255
5319 3788
13978 10827
5384 3889
890 10175
13016 392
9612 10249
13027 1100
3299 427
12167 1261
10932 4402
3300 13320
1134 11598
8421 13912
7788 10077
2941 13980
13015 8259
11452 12979
5071 2821
2853 13659
6679 1854
36 2276
12102 6746
11073 9084
7172 2909
4028 11788
7311 7327
4777 8444
12608 13197
8341 6381
2943 4966
31 1944
13224 11482
908 11979
7986 11458
11623 650
13312 5342
10623 5083
12087 1365
7851 5244
4273 5562
10715 5267
6573 1478
7395 5166
660 1721
5231 3603
370 5261
13244 13594
10426 137
11558 4397
11594 2850
12744 4575
8191 3036
3342 6263
4400 11192
5190 2356
2739 1891
7623 9311
3368 1003
8161 11725
10421 13391
1313 10791
4637 8240
10370 1048
8376 1597
13142 13654
4446 5555
11912 12636
8590 1239
12582 12989
6114 3757
1330 2537
5647 2636
5531 9014
3638 13691
6725 45
13067 1721
4519 11387
9961 874
6118 12020
10168 5245
5343 599
10799 3241
6918 13072
12177 5485
12046 4277
2925 7060
6813 8572
9695 6027
11269 7017
5704 11677
745 12454
13398 5263
3511 3028
13834 9628
8731 9987
859 7758
4269 5341
10998 4870
4399 9160
4038 10128
7120 6962
10871 7616
9217 6552
13643 6472
7252 13030
4134 7996
11469 11215
13258 965
228 6761
4277 2643
2733 12833
10400 685
4159 1067
5554 2241
3910 3275
12369 11030
10236 9225
12329 5439
9460 11957
5594 10395
4656 9727
4376 9809
6928 11317
10773 839
4063 8733
11179 479
7551 7564
8861 5394
2314 400
7634 6224
3674 13686
3239 7594
8897 9251
6716 12040
7194 12309
8421 11849
8021 6480
7643 8632
11481 12100
3155 1529
502 319
9706 8053
1567 4552
13446 3880
12650 7065
10103 10007
421 7025
3586 3001
2262 10301
1026 3139
8595 3130
8671 10300
3294 9998
12615 760
1767 1755
2288 2268
9772 5677
10320 11338
10229 3435
8901 8864
10500 12688
4856 10920
13396 2126
13920 9341
12426 8629
6163 691
5443 820
4674 8736
4501 3274
9495 6267
12727 5466
8534 8484
4827 4840
13505 1041
8274 2075
3588 12457
8446 2127
3046 7828
4252 10649
10852 10362
12962 3001
4736 12088
11518 3093
6809 2004
50 9987
8270 12776
9136 2789
929 7646
1312 8117
2370 3270
3876 5957
9410 12321
1768 6140
13832 6019
10472 10670
10064 3103
7354 8483
1176 4857
11575 1668
6860 11625
5338 8813
4070 8158
5285 12697
1789 6597
6799 4159
3550 10674
10115 6643
2665 5566
12782 2482
5269 2924
6835 1318
6026 174
3485 7202
12728 1045
8869 5573
6353 193
8069 4107
8350 13354
2789 3822
5936 3271
7980 3169
7629 11779
9811 10293
3330 2263
6458 8598
5186 13293
3600 11211
7150 7084
4398 5864
1812 6951
5120 1849
827 13189
5955 2860
6212 2427
6681 5831
5697 647
8999 13325
12425 4795
3287 1740
741 3429
4022 5926
2707 7621
3123 3540
690 1204
3087 2501
8154 8207
4349 8980
1065 3987
11839 960
6413 4506
6790 12110
12850 1774
5104 11260
252 2075
6683 993
5503 10704
6918 1893
4310 3724
13130 4999
4928 2203
1184 13081
4093 13230
1731 12855
3203 13569
13814 9615
11758 6589
1394 4277
2046 182
1522 9995
9954 1889
10987 1442
6276 11589
11032 10586
1298 3831
9268 13923
6033 4135
12990 3809
3351 706
2649 6553
7958 10146
9851 13400
2720 11245
3662 12463
5110 12882
8444 1049
8454 13114
10188 715
4372 889
11300 13368
4719 238
13276 10752
4372 12251
8244 7722
6640 10893
7958 8282
708 3795
1351 11126
8723 12710
9574 13832
5261 11701
866 13714
10801 11053
415 1158
5625 11714
8209 10343
5635 7471
764 10007
13405 9008
11412 13729
13584 5356
1680 277
2834 3030
11402 11556
9423 6962
11373 670
4648 5922
369 9132
10658 783
3974 2268
6181 12182
12610 5499
5638 13374
1491 5029
8367 6587
12441 7936
5626 106
1896 2143
10833 13298
13698 6241
13943 4740
6910 12274
10661 963
7392 7304
1745 5049
9571 1609
3216 8166
7108 2538
1209 2282
1250 3259
8868 13690
4878 8177
7479 6774
10319 4297
6057 3686
10537 5985
8425 11131
4244 5071
12093 5319
12374 13837
4051 1614
9130 7267
3464 2223
3488 4672
4504 4737
7931 7056
12110 12808
8916 5574
13265 5221
9870 5307
2590 76
4975 11015
11206 2903
2071 9284
1905 8129
2791 5956
9742 11920
6906 6889
128 10393
11561 12329
8813 13175
5370 6908
5652 272
6165 4903
13190 9718
3893 1765
9793 2552
6463 6985
13152 2218
2254 1042
10346 5044
6997 13771
10647 7586
6646 10774
3964 11890
9089 12776
4734 8142
13367 4069
2097 13215
2655 1272
8918 6548
10735 4697
2783 10881
5365 1920
13098 1302
2961 3113
6346 3642
2870 2978
11227 3199
7436 8875
8772 10208
1320 7189
4335 8371
11257 6432
7571 13912
1387 2475
129 5805
855 2911
2672 6219
12528 1755
7520 1474
4868 7549
12813 1421
4211 3710
12317 5330
12584 758
1523 7587
7946 5857
1943 5188
5972 9514
12783 7359
5672 12911
13163 210
9505 9518
112 8018
4957 7631
3176 9824
8864 1974
4928 6758
13381 10928
5771 11950
11685 7293
5523 5616
6833 1149
4487 12805
10662 3256
6149 10017
9850 12995
10226 5341
8499 10337
7042 7139
11652 10217
2948 185
5875 1559
626 5241
12486 6396
10875 10156
13688 10081
9455 6506
11229 13941
12994 1561
3182 5128
11577 6716
11807 1473
5740 13989
11809 12781
7113 3130
2668 3744
3314 8542
5302 11637
7466 11471
4018 12024
7612 3691
8090 10750
3881 13003
10676 2860
549 7542
1672 12125
243 7162
7281 5982
820 5076
12446 7932
1889 1099
5359 12901
3324 4344
10523 4474
1800 527
2483 3095
11915 4257
13844 9479
3245 10505
6023 3793
11730 1378
9601 11972
2223 2868
11637 3042
1627 3753
10973 11213
4851 10015
10099 1859
344 6608
6332 9841
818 2498
12935 6416
6754 6448
1881 9998
2938 1587
7474 8352
2964 3061
14007 5186
13626 5314
8227 1238
9066 12883
12450 7600
2567 2219
9458 2910
8826 9473
12750 3327
5655 5354
9742 12408
11801 5306
2076 8422
6892 9549
2759 3539
12609 2752
2408 12220
8065 4318
7141 10814
10884 13275
4399 13450
1479 7541
2345 3988
10697 8778
7314 2337
117 10739
731 5601
9729 10504
9 2606
6038 10465
13843 12331
13216 2236
10536 950
238 11361
11763 11121
10621 9846
10557 12099
3372 6585
2072 54
9047 3069
2391 9163
7491 10819
8448 3205
992 8456
13509 7029
12604 13337
5345 5490
9256 9565
6439 9493
595 11886
6600 11215
7717 3142
2983 4772
3410 12752
4825 12456
1806 899
1289 9296
5401 9736
6185 6392
11875 5679
13421 10464
5001 12449
1939 242
1683 2062
