169750 48338
189895 200355
118778 31030
158108 168982
258975 97427
68405 150381
248413 214873
244603 220765
88277 188539
102105 188904
140883 94954
210860 56531
160665 59530
102401 50768
82790 44813
81526 252539
93150 70330
188547 10838
101360 145564
243075 95988
242991 47133
45278 227057
262005 88790
183476 149192
12983 21234
73749 217121
179443 83518
9305 75761
206304 174961
189785 24747
219773 6964
12940 111833
140550 396
185926 241909
209216 164654
73550 187860
211786 182083
213826 8354
6527 132955
157545 19509
217444 30203
35539 132541
113721 108099
7211 118934
18713 196995
143680 238486
2869 219875
149228 143418
19181 70807
120980 228396
235460 257785
151909 182899
175521 101388
191252 182047
33253 147707
465 49606
177909 99259
245402 90539
207357 252613
209472 226070
185261 152062
200209 251385
107590 85090
130456 126770
155896 251435
90819 190265
244873 41637
108817 219304
206281 98978
137004 38443
246684 200725
151304 223503
35637 132360
112951 242994
183882 121333
204717 168052
9048 203835
155091 116637
87834 21200
243407 42639
71545 133135
232903 115327
174772 140629
70284 179962
239606 6198
218404 20854
5832 105361
43266 41468
36630 219472
83371 220511
76458 86997
124217 85505
89741 78217
1052 177574
162672 43368
19122 234216
176502 50934
148453 150183
191562 218736
129054 230078
23843 83111
250931 29674
251728 93106
134398 24011
48231 16678
43432 124689
103675 230904
9103 256671
44774 10154
233155 207445
53521 252276
240571 28933
38864 124677
242371 29335
142322 107079
259412 166165
253445 245996
259094 240826
138011 192401
491 186242
209079 107178
46584 111663
73735 118942
103987 118508
129096 72795
124862 245872
60725 164342
73714 162844
24672 114995
255434 230250
222073 250500
195324 211171
31059 190071
250907 169070
118126 251397
90965 126114
157484 200804
237776 231218
55399 77416
148635 247750
150211 72406
28186 9845
236748 165155
235944 60329
15803 227031
26232 36785
213184 221555
247956 244243
210536 234516
212222 127571
20476 38840
253684 241215
38553 227113
208086 157207
103438 155630
203867 253648
228035 30962
263492 200436
196116 33999
260765 10829
261030 85906
47613 209867
106371 94478
253019 52560
127903 200894
180130 211634
38643 232723
188502 140451
258745 195497
33312 97836
86780 36088
87138 50469
67049 149539
49814 62074
183538 46232
72902 243477
195394 183771
188997 37418
13902 240926
89977 205061
240729 69016
152348 78282
100648 139760
218732 95046
70910 50953
192881 157690
87040 78928
208158 217344
27377 257971
78328 9824
103113 151229
253300 97416
133909 241206
134833 211067
217785 23719
151781 194168
92734 103038
8103 193381
242797 25744
87336 49361
76697 15870
5960 226992
158054 214117
243246 185430
6651 57227
195253 173019
7365 247462
6088 141274
224321 204176
87994 241016
227894 38684
234093 119537
141721 41105
111827 183428
66848 199162
31698 206800
13942 37657
169446 171995
50683 148345
156334 120589
205571 150496
92518 11845
133611 161861
153118 156841
101691 40021
133510 128494
78704 166512
248031 19335
207616 158767
1672 10118
93583 33369
216917 170780
71025 185272
141684 184963
132526 33671
41205 137006
247422 133722
148851 116686
31237 37622
72436 196183
140899 4856
60330 18512
171367 107270
37846 114637
1691 102773
188010 95273
136141 203836
64962 6075
124762 206645
254293 257287
240315 31152
193203 223390
228129 77707
138985 58275
115328 10330
254457 256226
15185 113697
73648 249808
220966 111493
163354 222656
13176 87017
116838 212572
26506 181799
17557 214523
124097 7503
6374 163321
101910 199576
185620 128949
12936 123514
187223 191519
197100 240590
246655 212284
89940 55956
261001 109815
230704 160008
68125 42789
45934 248218
255361 72440
165671 8571
85872 88677
79329 155501
50908 181239
90730 35437
45841 166921
158951 31973
157350 91704
71472 202914
102897 224667
57779 99552
70136 87392
58469 201516
130181 104403
185387 121195
240098 149967
193021 61623
238644 8003
217124 88461
252497 106763
123897 97247
72594 81757
129220 28853
173460 200691
231766 75267
224268 88454
238074 30057
175845 95452
231572 41679
199854 215868
226129 175605
101489 218059
36138 139042
24972 52171
227502 13122
222189 87052
173625 93692
232065 38498
122544 204434
38098 153219
15354 262365
241672 52337
91331 216427
147789 121812
57015 146552
73334 18798
57811 238078
35766 157204
112773 60737
209374 139184
73859 167216
25145 46393
59818 257209
84890 182361
197297 186243
71234 11560
247518 111815
127153 137758
63895 10595
259570 120910
157146 68557
202963 13866
105544 238728
171069 17226
35119 179352
156409 172233
145478 244809
218625 205295
237672 102424
123309 233878
87576 257798
245437 70747
105267 108243
208505 232417
182093 2638
88980 138149
134450 90852
152014 239993
65234 121993
257218 100352
36998 149280
71494 182475
129742 25772
123423 166323
191451 45642
135854 14680
39093 180201
148683 207615
87353 92841
175686 68356
158734 63575
206504 28837
154427 94171
4483 18570
15073 261700
182177 52071
209889 253670
234545 138540
78351 156878
103773 5455
202519 38536
20134 40521
17646 168816
47046 104999
60566 21641
236610 219299
148471 178767
248135 101807
71847 51527
120376 86920
112136 38206
138990 120934
27529 172444
58384 105879
128231 162156
174589 129659
263947 194723
233436 17247
99192 16135
185501 223014
37775 157764
177966 249501
135440 225011
86962 207286
75447 207337
93115 187583
44453 31014
107426 71981
203458 165809
241116 130598
126874 151358
260257 126475
144990 229346
206977 43092
44390 191387
1759 145420
148060 242980
130574 19153
2554 217535
25348 78001
223782 118463
64493 3888
212732 171918
139124 151843
73381 179149
81351 263510
129417 77261
125638 10060
105516 131524
53151 149905
58564 118165
30978 206623
160055 161551
24685 162608
177996 50033
39518 137431
231751 104010
204574 180136
11582 79351
130889 148218
258500 212239
147381 123570
88409 71929
133629 193924
2362 250036
79482 60926
167110 173715
66458 62818
70919 91143
24336 47824
204431 63853
248510 235091
231119 188737
214136 41610
3742 80678
253083 262241
91826 136117
184720 180234
6955 117258
109811 9317
102947 252548
133498 68967
161916 199955
131784 31745
90007 219375
79568 93347
82138 63732
64091 48910
51378 13881
90519 55119
157814 79255
116269 249640
14281 36642
165527 84492
153900 74248
157064 55756
62449 26215
124722 23275
25079 55416
55019 178342
73700 197842
7342 155837
261573 134689
204746 48605
211825 94174
166979 105292
236684 18902
90585 49875
118799 55022
197622 71608
192525 90339
127364 254973
179809 50995
77157 204887
169666 132175
118882 42276
65671 189480
198112 126153
59822 201768
238013 7300
94851 140646
175847 67189
222803 2086
180319 140511
120363 113594
212119 48541
203932 138392
102423 119394
252642 179580
123190 221218
110664 40982
263493 176334
230461 197258
101397 89192
197935 75063
159747 28440
14618 71247
158884 237420
136588 74856
176841 256950
188449 124613
104400 191290
61914 5733
109593 113465
248568 232782
70336 94885
9417 132738
6873 38787
65650 171525
191234 62494
246587 86634
90933 261205
157881 249816
33188 93378
123581 210028
85982 47683
133550 253637
37882 195463
259369 147474
107838 243590
115910 178173
74129 188582
46565 144257
26279 175470
114691 217512
237963 96931
39800 127806
93789 260936
176531 126977
89967 35766
135914 239204
146704 5118
228495 184586
263836 22427
67713 107327
64927 246878
84410 202311
234370 194230
145477 260648
105353 260167
213813 142225
92751 253612
68940 249796
250201 245471
175682 139078
16890 47249
113935 226849
115622 141339
147088 115112
163766 13711
222438 228692
260588 105757
166656 29521
35640 47786
25822 140992
43606 239635
82127 199612
27810 151066
185061 13665
195446 159652
215998 212335
206901 65586
174838 121432
206925 120835
236543 106344
134545 257891
133945 194043
99301 99510
223563 134941
210551 249385
74842 53066
23583 156968
252677 51392
106944 236648
128312 38043
131953 79963
49288 137763
145549 23035
259195 151383
207125 30301
56636 77324
23845 190580
70276 123146
25743 29492
56996 236293
77786 131837
25012 101368
87715 76598
152760 257914
48899 79981
31610 244108
159944 144153
180780 104402
230443 175628
255784 173222
205929 48073
49455 28683
37562 119730
215084 126560
149221 7733
98506 25917
202826 186773
127284 89450
62280 78953
83017 174435
158934 177882
154196 54531
57689 133885
158932 87041
108423 213625
260262 113261
261697 45370
141943 98168
165099 92681
224727 113230
163669 122142
139146 102148
107824 65339
191597 170103
144292 73523
80191 38879
251405 33296
156665 108003
167181 114506
195043 11257
127040 254215
124517 124390
98494 65369
21467 263593
221305 246193
175732 120628
103988 113787
21685 211811
179125 12192
117567 59070
85714 261014
161204 136028
93219 116778
244030 59309
30193 237983
133821 157232
227851 57247
80531 125254
122616 101997
124500 79574
83843 99141
263457 251086
212927 84052
198550 190962
96243 115027
48941 245212
174950 9055
116894 3822
125832 159833
63131 156025
196725 260207
112166 223485
53108 192697
84393 238979
30347 7802
54206 177446
106943 116573
164185 118779
200624 98389
45394 95776
12325 94335
76641 187274
103389 256790
254351 28130
215533 116391
184154 147911
112252 95230
107050 165359
23580 191442
139991 53926
262499 257452
231371 105095
172934 131210
223874 109211
28508 68177
3896 40832
162511 80537
27015 64809
136236 17019
92939 87422
133410 76002
34243 245661
171231 141292
209929 194810
131643 148829
47646 129795
205190 77926
33800 113778
8045 56583
21898 36552
124759 25794
140639 86180
169586 167653
150988 41475
184672 243926
192153 116991
118838 226395
161561 25722
166596 107143
220532 97148
54881 67087
226942 260070
145012 59651
109501 153057
116233 194655
252864 39902
220448 129157
126081 125687
95719 75978
230417 79300
55558 221479
196290 174395
183527 93504
263372 149032
263902 219557
246179 54436
22297 7685
113416 230565
130591 222916
119275 246824
153224 107792
22379 172581
35858 211715
97177 131577
23346 126504
9786 142159
83636 206076
115463 66073
98489 114489
215104 161301
69699 260193
14646 155252
66787 128061
184726 197377
86631 39654
179854 38764
210701 1142
10255 45469
11766 107431
240301 35112
233934 250086
177270 53224
255071 91643
119296 152470
206131 133309
49424 74739
192411 127325
229990 259197
255386 213625
192228 140926
253278 170991
242945 262889
235389 253199
107267 247154
96284 83221
81175 65871
132216 57355
182350 122941
148997 100555
74320 90781
32774 186999
165519 225184
49977 194419
18945 41016
143697 211172
181941 195885
181072 160540
257683 152114
212648 100603
198178 44585
183823 15006
173712 51692
72360 154971
237888 221356
255526 47861
111046 87209
234859 12219
48046 83746
206637 66990
124761 149243
77071 105612
80781 258143
65061 74117
209166 13362
237975 142997
121203 157451
158003 30568
8053 29272
185538 245940
250628 239973
92711 97327
62835 126479
172801 174137
9134 178347
40036 133895
63244 180363
38416 207280
237415 166732
80307 182234
180093 53935
60885 36949
10296 17797
130772 18348
47068 115220
63197 96605
154102 219163
257188 15847
144552 165642
189983 153685
79643 28928
86489 206142
8200 124904
212331 245614
27289 28291
163502 6292
145482 23296
106496 155777
41092 36178
237380 88159
151397 36230
248020 41152
54303 240861
120254 198854
205412 109146
88192 83964
138074 174681
25759 146273
35238 37000
190797 125783
65290 89952
195330 9681
113247 37479
228713 154338
136912 201746
41406 23962
237976 25079
128370 27932
64849 47533
25695 5915
156679 113886
89878 93662
24220 178893
38844 122714
215892 229640
248496 80091
55245 242735
89772 231747
79123 54138
121738 216035
255884 226400
38906 28423
50388 230531
119610 115237
13718 145304
184407 170396
58099 9938
264057 82319
188830 38554
205032 140375
3848 252437
220466 122348
29735 109147
89749 108857
163284 10396
60545 218077
236795 99451
45409 86093
65635 165018
201329 79352
109231 121389
249747 167330
194582 48367
249648 119066
86921 253589
58350 154024
40589 77725
12025 70323
186871 101773
179179 149065
112169 38634
102795 147873
138084 148204
233965 2628
112131 234203
145236 221362
154501 130636
124345 84737
242259 172902
2712 64833
225400 61061
17766 64898
202042 29790
198476 124566
194819 113308
72540 42641
215197 175335
253769 152190
122448 223388
154818 33488
256500 35707
254849 146655
229598 178103
231391 6420
149914 33012
71252 110967
157328 152273
239120 95023
182063 173249
18499 112535
85467 91038
218431 36317
65282 207853
188507 250985
230150 142234
20127 222304
241196 10629
167868 5357
251988 134912
11777 137555
231179 146284
47432 124160
34211 22205
219183 15183
258710 237681
127717 79830
64372 145057
116146 192910
88563 103562
179548 117623
44705 199674
138836 84810
9213 42357
90167 261200
240524 165199
197664 207356
47136 245095
67169 144602
66210 85261
159784 60573
58595 86410
203658 186223
231466 118713
178042 118939
21185 93243
236561 65889
28571 174306
213955 37783
15572 103031
97892 256095
3883 31209
262360 114274
75214 128438
57786 204679
213699 217569
64161 71203
39633 3472
56335 70008
122184 234376
188946 206624
63273 224416
71423 155099
134375 21031
256137 149946
124061 152938
204950 191199
184146 1873
41126 58269
193567 162167
262947 206175
115390 62761
13031 218278
129488 132622
23939 50582
102651 11795
257205 229179
236210 64281
183187 169495
