10
0.996870 1.000000
0.028365 1.023904
0.173576 1.036640
0.248527 1.069412
0.028365 1.104768
0.709524 1.112243
0.750231 1.133840
0.028365 1.141892
0.787952 1.284683
0.028365 1.362932
0
7
0.992876 1.000000
0.647979 1.040541
0.404982 1.054563
0.265844 1.108028
0.254753 1.113313
0.265844 1.317613
0.404982 1.399709
6
0.991889 1.000000
0.719187 1.282396
0.513942 1.290740
0.626536 1.306102
0.513942 1.346293
0.514671 1.625144
5
1.000000 1.000000
0.631907 1.052842
0.035826 1.363194
0.035826 1.440173
0.324052 1.746281
6
0.998789 1.000000
0.442383 1.266488
0.473963 1.346503
0.481640 1.349695
0.191386 1.448925
0.191386 1.540790
11
1.000000 1.000000
0.367550 1.038272
0.823344 1.057724
0.623792 1.162225
0.492210 1.167166
0.447137 1.170579
0.775017 1.207756
0.447137 1.291246
0.222154 1.328411
0.222154 1.485349
0.367550 1.624018
9
0.997899 1.000000
0.576431 1.015198
0.836873 1.051965
0.714637 1.054960
0.421622 1.078095
0.244371 1.137518
0.421622 1.144385
0.573843 1.145958
0.421622 1.153687
13
0.937939 1.000000
0.276420 1.029007
0.795699 1.069881
0.048948 1.234649
0.048948 1.245228
0.739123 1.247766
0.048948 1.255552
0.048948 1.266425
0.048948 1.329145
0.048948 1.356957
0.048948 1.440992
0.270253 1.490493
0.270253 1.580039
16
1.000000 1.000000
0.698668 1.016099
0.763745 1.076895
0.698668 1.092214
0.090769 1.101277
0.630106 1.152952
0.090769 1.157815
0.630106 1.170651
0.090769 1.198056
0.455564 1.211435
0.013408 1.212182
0.013408 1.228072
0.090769 1.234124
0.013408 1.313927
0.630106 1.425801
0.630106 1.735897
14
0.977889 1.000000
0.741261 1.167276
0.502701 1.216537
0.371729 1.225473
0.563910 1.227467
0.502701 1.238315
0.371729 1.300743
0.856113 1.398617
0.112803 1.403800
0.498607 1.440086
0.371729 1.477353
0.112803 1.612278
0.112803 1.697004
0.042873 1.706480
13
0.992676 1.000000
0.649397 1.012226
0.504193 1.021624
0.760576 1.044212
0.215443 1.118494
0.215443 1.131136
0.215443 1.140498
0.215443 1.148125
0.215443 1.161171
0.215443 1.169116
0.712119 1.173081
0.594712 1.204930
0.775423 1.220929
0
7
1.000000 1.000000
0.837119 1.129060
0.015042 1.248473
0.614003 1.251512
0.015042 1.468251
0.614003 1.576581
0.015042 1.665304
8
0.998648 1.000000
0.660047 1.084156
0.749805 1.099925
0.660047 1.106320
0.403550 1.146925
0.403550 1.184421
0.937040 1.389983
0.693280 1.666444
15
0.991909 1.000000
0.722055 1.048336
0.109807 1.051114
0.478754 1.062667
0.640003 1.081829
0.109807 1.107108
0.109807 1.182682
0.025899 1.306339
0.025899 1.322284
0.103254 1.370032
0.025899 1.382495
0.025899 1.397666
0.025899 1.457820
0.025899 1.475348
0.025899 1.728042
4
1.000000 1.000000
0.262133 1.492005
0.262133 1.500362
0.262133 1.507425
14
0.994076 1.000000
0.388012 1.211652
0.512107 1.219627
0.811021 1.219986
0.773818 1.222186
0.574190 1.230712
0.512107 1.241715
0.388012 1.287996
0.507955 1.446366
0.136393 1.462084
0.388012 1.467126
0.009609 1.649719
0.136393 1.673538
0.136393 1.759472
15
0.988851 1.000000
0.491713 1.123759
0.585970 1.136619
0.491713 1.170265
0.697189 1.182057
0.763776 1.232386
0.616202 1.288422
0.011659 1.321262
0.011659 1.334559
0.011659 1.344407
0.092646 1.352255
0.011659 1.352429
0.011659 1.366152
0.011659 1.374509
0.011659 1.405829
6
1.000000 1.000000
0.644083 1.287107
1.000000 1.318274
0.000000 1.331526
0.464753 1.344910
0.000000 1.639500
16
0.999115 1.000000
0.610413 1.013593
0.704253 1.026859
0.572108 1.040830
0.356804 1.106082
0.356804 1.124397
0.499796 1.157156
0.373905 1.185735
0.373905 1.266961
0.373905 1.282642
0.373905 1.325253
0.373905 1.327085
0.356804 1.327433
0.373905 1.363623
0.373905 1.464476
0.373905 1.693044
9
1.000000 1.000000
0.819694 1.028061
0.818416 1.079443
0.651645 1.180470
0.639109 1.201258
0.343418 1.202701
0.801933 1.221053
0.483999 1.265559
0.343418 1.298809
13
0.880178 1.000000
0.724567 1.076450
0.643389 1.212989
0.385202 1.224972
0.687006 1.225974
0.448932 1.236546
0.385202 1.247840
0.369471 1.259735
0.299349 1.321233
0.448932 1.328351
0.448932 1.358778
0.448932 1.450713
0.000000 1.767853
5
0.983479 1.000000
0.785431 1.262688
0.684859 1.280170
0.750245 1.546439
0.750245 1.552675
7
1.000000 1.000000
0.791411 1.058461
0.795335 1.067010
0.712593 1.291637
0.926987 1.440317
0.895340 1.440656
0.824507 1.447938
3
0.945425 1.000000
0.538282 1.156411
0.805296 1.310474
15
0.998651 1.000000
0.725698 1.048891
0.106418 1.051701
0.525804 1.078941
0.642704 1.082769
0.106418 1.108338
0.106418 1.184781
0.003579 1.260290
0.003579 1.276418
0.003579 1.337320
0.003579 1.352666
0.106418 1.376494
0.003579 1.413511
0.003579 1.431240
0.003579 1.686837
10
0.998849 1.000000
0.661844 1.016334
0.795768 1.036062
0.470161 1.253213
0.203827 1.254179
0.500167 1.329242
0.507462 1.332275
0.203827 1.341467
0.507462 1.545290
0.507462 1.768715
12
0.941871 1.000000
0.547987 1.064703
0.501829 1.071507
0.120811 1.122126
0.501829 1.168095
0.120811 1.183901
0.544403 1.237036
0.111091 1.246307
0.111091 1.253606
0.806407 1.528246
0.018900 1.540230
0.901010 1.686333
10
0.989001 1.000000
0.680827 1.173628
0.796876 1.185978
0.671038 1.193419
0.745943 1.203640
0.680827 1.278332
0.277510 1.399498
0.544769 1.401647
0.277510 1.417892
0.544769 1.432867
10
1.000000 1.000000
0.740140 1.009022
0.648242 1.046358
0.039718 1.066130
0.648242 1.085709
0.648242 1.091231
0.039718 1.092978
0.038868 1.099047
0.320336 1.189636
0.541563 1.196754
7
0.998740 1.000000
0.036531 1.035443
0.036531 1.061556
0.154978 1.245781
0.997089 1.359426
0.036531 1.392880
0.776288 1.443143
10
0.932742 1.000000
0.531875 1.076859
0.532628 1.139111
0.641849 1.196509
0.450900 1.203007
0.256178 1.211674
0.256178 1.299815
0.201195 1.330390
0.699303 1.401836
0.032336 1.594460
10
0.955808 1.000000
0.671832 1.045558
0.093848 1.048740
0.434356 1.052537
0.093848 1.101475
0.093848 1.172706
0.078605 1.285840
0.078605 1.300868
0.078605 1.445103
0.085774 1.449609
6
0.996072 1.000000
0.710662 1.114609
0.872104 1.426214
0.596630 1.648921
0.872104 1.650723
0.596630 1.665075
2
1.000000 1.000000
1.000000 1.302860
16
0.992519 1.000000
0.743009 1.044692
0.176917 1.047261
0.518050 1.057943
0.667143 1.075660
0.176917 1.099033
0.176917 1.168910
0.083883 1.273854
0.083883 1.288596
0.170857 1.342136
0.083883 1.344268
0.083883 1.358295
0.083883 1.413914
0.083883 1.430121
0.170857 1.443009
0.083883 1.663765
14
1.000000 1.000000
0.711507 1.051288
0.624443 1.075459
0.624443 1.086828
0.549779 1.136026
0.149625 1.250160
0.524354 1.272742
0.149625 1.309574
0.149625 1.321483
0.031007 1.519059
0.031007 1.535977
0.031007 1.599866
0.031007 1.615964
0.031007 1.679792
13
1.000000 1.000000
0.098858 1.004739
0.738051 1.046920
0.178506 1.053883
0.098858 1.059051
0.500391 1.075963
0.002761 1.127301
0.098858 1.132412
0.002761 1.142778
0.002761 1.216157
0.002761 1.291327
0.004737 1.323913
0.096881 1.378012
13
0.999099 1.000000
0.728928 1.026919
0.069003 1.029961
0.521810 1.066127
0.069003 1.072923
0.069003 1.104967
0.521810 1.184772
0.276121 1.258553
0.069003 1.370187
0.069003 1.405257
0.069003 1.542033
0.069003 1.566185
0.069003 1.608017
6
1.000000 1.000000
0.196293 1.230715
0.807388 1.308622
0.194980 1.322283
0.322054 1.328817
0.196293 1.438366
13
0.997470 1.000000
0.672160 1.011998
0.777555 1.042019
0.555561 1.059973
0.241884 1.107461
0.555561 1.110555
0.670369 1.111998
0.555561 1.117596
0.241884 1.120311
0.241884 1.129394
0.502405 1.271672
0.112300 1.307087
0.012907 1.644609
3
0.960535 1.000000
0.803277 1.265283
0.690024 1.324667
8
0.803145 1.000000
0.547998 1.039763
0.690760 1.149156
0.881622 1.163828
0.884070 1.291925
0.476893 1.390947
0.816740 1.545028
0.816740 1.610176
8
1.000000 1.000000
0.704164 1.052990
0.614212 1.078052
0.614212 1.089751
0.446608 1.361777
0.002534 1.558067
0.002534 1.575547
0.834105 1.682393
11
0.997555 1.000000
0.629653 1.042115
0.758006 1.059538
0.558440 1.073433
0.758006 1.075218
0.780852 1.100130
0.689138 1.101953
0.576543 1.103944
0.820452 1.129277
0.576543 1.130471
0.558440 1.132988
12
1.000000 1.000000
0.002943 1.012094
0.160599 1.064234
0.002943 1.067087
0.029909 1.094892
0.002943 1.099551
0.668814 1.112373
0.160599 1.113719
0.525216 1.170702
0.663935 1.208860
0.397278 1.243779
0.002943 1.436404
5
0.996957 1.000000
0.246024 1.315803
0.246024 1.348505
0.246024 1.362927
0.223336 1.365661
12
0.999202 1.000000
0.663491 1.008750
0.394334 1.030192
0.500955 1.045103
0.772603 1.051044
0.394334 1.079450
0.394334 1.082413
0.412464 1.104493
0.519086 1.132213
0.548741 1.161331
0.772603 1.500894
0.000077 1.767022
11
0.998586 1.000000
0.284084 1.021247
0.128100 1.032884
0.659411 1.061012
0.128100 1.087347
0.053657 1.089574
0.659411 1.143422
0.138291 1.463784
0.037928 1.467263
0.037928 1.484649
0.044316 1.523877
12
0.948185 1.000000
0.797554 1.104818
0.469051 1.217772
0.329266 1.227110
0.530741 1.228975
0.469051 1.239908
0.453824 1.251422
0.737640 1.293196
0.530741 1.317842
0.530741 1.347294
0.530741 1.436287
0.058164 1.746459
2
0.829909 1.000000
0.830174 1.284260
8
0.998520 1.000000
0.192131 1.015008
0.262031 1.092482
0.192131 1.099015
0.847426 1.178561
0.192131 1.269372
0.192131 1.422533
0.192131 1.497422
14
1.000000 1.000000
0.645936 1.012610
0.760608 1.045601
0.517488 1.064797
0.370420 1.114101
0.517488 1.119799
0.643789 1.121104
0.517488 1.127517
0.877577 1.434816
0.486394 1.480352
0.486394 1.626514
0.486394 1.667585
0.486394 1.667625
0.486394 1.698147
5
0.995037 1.000000
0.477692 1.314705
0.599568 1.331334
0.477692 1.374838
0.757251 1.435801
12
1.000000 1.000000
0.664526 1.012277
0.772376 1.042998
0.545213 1.061369
0.406180 1.108722
0.545213 1.113129
0.662694 1.114606
0.545213 1.120334
0.290787 1.631181
0.008848 1.633071
0.645304 1.655047
0.008848 1.657126
7
1.000000 1.000000
0.688814 1.101886
0.617815 1.104310
0.645449 1.146850
0.371703 1.298482
0.525609 1.501388
0.733169 1.681075
6
0.873820 1.000000
0.704918 1.158118
0.327041 1.301458
0.998155 1.358437
0.008126 1.573184
0.008126 1.636912
13
0.997021 1.000000
0.270770 1.006912
0.497093 1.024723
0.203139 1.086772
0.136385 1.100296
0.203139 1.111429
0.004955 1.154374
0.004955 1.211390
0.134366 1.213017
0.004955 1.219326
0.484110 1.225019
0.004138 1.512833
0.431176 1.725305
13
0.997623 1.000000
0.580905 1.020608
0.820144 1.028629
0.484923 1.038840
0.389267 1.122172
0.333624 1.133445
0.224069 1.178522
0.570083 1.187566
0.302571 1.218747
0.224069 1.226048
0.224069 1.232663
0.302571 1.240835
0.013112 1.250630
7
0.908831 1.000000
0.776282 1.213991
0.825122 1.231369
0.527691 1.233697
0.618212 1.246356
0.527691 1.278032
0.488446 1.399234
7
1.000000 1.000000
0.838357 1.038901
0.785291 1.229747
0.021150 1.315153
0.021150 1.338426
0.692009 1.643541
0.021150 1.655699
12
0.990722 1.000000
0.671506 1.017190
0.671506 1.098688
0.008357 1.136490
0.598300 1.182175
0.368115 1.189268
0.008357 1.191072
0.008357 1.196812
0.684302 1.205337
0.008357 1.239512
0.008357 1.291624
0.008357 1.336447
17
0.998057 1.000000
0.138902 1.020453
0.738615 1.046471
0.217788 1.069206
0.138902 1.074287
0.633861 1.074291
0.504640 1.081748
0.138902 1.146945
0.026871 1.198280
0.026871 1.213609
0.026871 1.271497
0.026871 1.286083
0.134347 1.327978
0.026871 1.343916
0.026871 1.360768
0.134347 1.432867
0.026871 1.603713
7
0.999761 1.000000
0.260674 1.009781
0.645887 1.040861
0.741953 1.054799
0.723746 1.075673
0.173967 1.139386
0.188661 1.319684
17
0.966666 1.000000
0.739804 1.089234
0.533868 1.197220
0.589617 1.207175
0.533868 1.217055
0.429378 1.236951
0.451723 1.277783
0.167409 1.304658
0.892896 1.366926
0.530139 1.400827
0.429378 1.466361
0.167409 1.494539
0.156226 1.527509
0.071446 1.627695
0.156226 1.675125
0.167409 1.707613
0.156226 1.738320
12
1.000000 1.000000
0.371505 1.031074
0.226781 1.058564
0.048638 1.184297
0.005427 1.220370
0.005427 1.223379
0.005427 1.276523
0.005427 1.368621
0.454874 1.440198
0.014667 1.648427
0.014667 1.720088
0.014667 1.730063
2
1.000000 1.000000
0.989500 1.373106
15
0.973336 1.000000
0.796894 1.015416
0.738759 1.078258
0.582001 1.082891
0.059717 1.155721
0.059717 1.178848
0.059717 1.190388
0.059717 1.201102
0.477870 1.216207
0.498258 1.253465
0.059717 1.325081
0.059717 1.355190
0.569810 1.365737
0.059717 1.382743
0.477870 1.425534
12
0.996908 1.000000
0.745093 1.020428
0.719708 1.033489
0.047076 1.192045
0.424317 1.211192
0.047076 1.220772
0.922501 1.350585
0.678929 1.396563
0.678929 1.433987
0.721810 1.546460
0.779176 1.572234
0.721810 1.616874
4
0.883617 1.000000
0.353633 1.018969
0.353633 1.233481
0.616621 1.616528
12
0.912726 1.000000
0.798707 1.056016
0.530610 1.092121
0.485258 1.115004
0.550049 1.164841
0.596745 1.173321
0.550049 1.181596
0.538523 1.190312
0.596745 1.240588
0.515271 1.321421
0.596745 1.330244
0.041965 1.607610
18
1.000000 1.000000
0.101875 1.001167
0.759373 1.012791
0.101875 1.013792
0.101875 1.041849
0.101875 1.046088
0.101875 1.046091
0.244165 1.051097
0.101875 1.052570
0.759373 1.073267
0.101875 1.082007
0.101875 1.106718
0.704899 1.135587
0.534005 1.138621
0.704899 1.338311
0.704899 1.584691
0.704899 1.644791
0.704899 1.653225
3
0.994950 1.000000
0.715723 1.332276
0.945173 1.347058
0
7
0.963838 1.000000
0.675837 1.156603
0.557963 1.460574
0.011620 1.493506
0.452625 1.533817
0.011620 1.552128
0.675837 1.615779
11
1.000000 1.000000
0.684810 1.011535
0.753702 1.024725
0.572711 1.057659
0.442084 1.102148
0.572711 1.106289
0.572711 1.113058
0.000000 1.503314
0.000000 1.525914
0.609069 1.526902
0.000000 1.558833
7
0.998849 1.000000
0.382511 1.232792
0.460601 1.358209
0.382511 1.466121
0.177660 1.471743
0.134040 1.487499
0.134040 1.707349
13
1.000000 1.000000
0.736847 1.038582
0.554289 1.103910
0.022000 1.106816
0.022000 1.109702
0.022000 1.168529
0.554289 1.174871
0.553106 1.332892
0.823983 1.388404
0.626731 1.444817
0.022000 1.450833
0.186555 1.608509
0.022000 1.634878
6
1.000000 1.000000
0.321146 1.109267
0.739773 1.143282
0.321146 1.167755
0.207356 1.195722
0.207356 1.406571
7
0.981963 1.000000
0.780164 1.285458
0.721494 1.323828
0.752105 1.326168
0.750146 1.419692
0.542200 1.708966
0.721494 1.731623
14
0.999481 1.000000
0.696509 1.010595
0.769652 1.020935
0.450483 1.021410
0.666652 1.031825
0.450483 1.084721
0.499094 1.094641
0.241561 1.108894
0.610289 1.122495
0.450483 1.160064
0.107292 1.269505
0.232715 1.297728
0.450483 1.416830
0.232715 1.459558
8
1.000000 1.000000
0.001923 1.170027
0.778362 1.195675
0.314287 1.268802
0.314287 1.321903
0.001923 1.390282
0.001923 1.550744
0.001923 1.735085
14
1.000000 1.000000
0.434345 1.144912
0.821768 1.192590
0.434345 1.199471
0.667765 1.230806
0.705383 1.248910
0.540976 1.252178
0.893368 1.268512
0.488767 1.292081
0.306834 1.370306
0.296308 1.449580
0.306834 1.478579
0.296308 1.487970
0.268626 1.615772
3
0.997584 1.000000
0.809088 1.018762
0.830250 1.056251
4
0.928217 1.000000
0.687451 1.055199
0.324613 1.112105
0.614333 1.152994
13
0.900433 1.000000
0.759789 1.069097
0.687708 1.191225
0.453064 1.203334
0.322547 1.212053
0.510664 1.213794
0.453064 1.224002
0.438847 1.234753
0.510664 1.296770
0.510664 1.324270
0.510664 1.407362
0.053279 1.614438
0.053279 1.702979
13
0.987831 1.000000
0.669500 1.198704
0.534225 1.236946
0.742175 1.253636
0.347363 1.414704
0.001006 1.445296
0.347363 1.449185
0.001006 1.470558
0.001006 1.479313
0.001006 1.484797
0.534225 1.491312
0.347363 1.492490
0.001006 1.503412
12
0.989720 1.000000
0.720794 1.167865
0.517035 1.194258
0.603944 1.206116
0.782190 1.214271
0.646120 1.265938
0.074403 1.376365
0.074403 1.388626
0.074403 1.397706
0.074403 1.405103
0.074403 1.417755
0.074403 1.425461
6
0.998340 1.000000
0.598770 1.008408
0.409711 1.139433
0.810378 1.327306
0.697922 1.331604
0.509960 1.772772
11
0.860719 1.000000
0.745616 1.067669
0.450702 1.096574
0.609279 1.131065
0.286764 1.142086
0.286764 1.163493
0.652836 1.191959
0.519923 1.203369
0.286764 1.451355
0.286764 1.643179
0.286764 1.673347
4
0.998217 1.000000
0.241917 1.087344
0.568940 1.332358
0.564542 1.446583
16
0.996064 1.000000
0.829630 1.019057
0.368229 1.023156
0.820621 1.057294
0.752712 1.076494
0.571637 1.081095
0.657368 1.101769
0.368229 1.119130
0.364772 1.216151
0.306561 1.443904
0.767962 1.485927
0.306561 1.541525
0.306561 1.555113
0.306561 1.612083
0.306561 1.614300
0.306561 1.641092
13
0.993724 1.000000
0.731666 1.071327
0.694511 1.084442
0.358771 1.178116
0.034374 1.244195
0.034374 1.255563
0.034374 1.266656
0.034374 1.278340
0.034374 1.345734
0.034374 1.375619
0.810746 1.424243
0.287710 1.574005
0.034374 1.713206
17
0.998601 1.000000
0.101926 1.031920
0.726590 1.048321
0.529025 1.078021
0.644563 1.081804
0.183953 1.082614
0.101926 1.087897
0.616591 1.087901
0.101926 1.163449
0.028140 1.247292
0.028140 1.263232
0.028140 1.323424
0.028140 1.338591
0.101926 1.347564
0.028140 1.398726
0.028140 1.416249
0.028140 1.668867
17
0.997708 1.000000
0.043949 1.020413
0.617462 1.051532
0.043949 1.058210
0.583029 1.060572
0.043949 1.076689
0.477008 1.085456
0.043949 1.152643
0.017516 1.268848
0.017516 1.290932
0.017516 1.306957
0.017516 1.367471
0.017516 1.378495
0.017516 1.382718
0.017516 1.443174
0.017516 1.460791
0.017516 1.714755
15
0.999558 1.000000
0.499300 1.079125
0.768980 1.101615
0.499300 1.134006
0.364334 1.173518
0.768980 1.192321
0.148351 1.264379
0.148351 1.283751
0.148351 1.283828
0.317334 1.288011
0.747864 1.297426
0.148351 1.324667
0.317334 1.368599
0.148351 1.382923
0.747864 1.642763
12
0.999661 1.000000
0.670681 1.019432
0.800365 1.036488
0.475140 1.233927
0.454661 1.237836
0.531070 1.244084
0.475140 1.253996
0.461335 1.264435
0.531070 1.324654
0.531070 1.351356
0.531070 1.432040
0.070778 1.462306
10
1.000000 1.000000
0.126951 1.034176
0.126951 1.054493
0.422149 1.071033
0.126951 1.080915
0.779827 1.104913
0.665851 1.120138
0.763480 1.146994
0.575809 1.171570
0.126951 1.227021
9
0.999012 1.000000
0.629842 1.072726
0.434063 1.122706
0.434063 1.246874
0.416557 1.269855
0.629842 1.304708
0.997162 1.378243
0.416557 1.447471
0.416557 1.459395
