10
1.000000 1.000000
0.787589 1.005388
0.211342 1.076211
0.316771 1.338229
0.312929 1.342063
0.316771 1.343362
0.195888 1.381320
0.211342 1.389561
0.211342 1.390504
0.092953 1.426232
30
1.000000 1.000000
0.494065 1.000454
0.340628 1.012407
0.340628 1.013028
0.251786 1.014723
0.014743 1.017195
0.364143 1.019161
0.364143 1.019161
0.725147 1.019255
0.014743 1.024188
0.251786 1.027072
0.549712 1.027505
0.014743 1.031161
0.364143 1.033346
0.364143 1.035855
0.707248 1.036100
0.014743 1.041482
0.251583 1.087006
0.014743 1.126386
0.014743 1.137359
0.014743 1.139940
0.014743 1.237017
0.014743 1.253351
0.247379 1.335793
0.014743 1.336622
0.041096 1.525998
0.041096 1.525998
0.247379 1.537284
0.247379 1.539073
0.041096 1.544319
9
1.000000 1.000000
0.553204 1.049329
0.825280 1.050700
0.553204 1.065944
0.197597 1.089283
0.362354 1.127186
0.146333 1.127381
0.106199 1.136339
0.106199 1.148939
20
1.000000 1.000000
0.522470 1.014497
0.244582 1.018506
0.244582 1.020094
0.599798 1.021708
0.148142 1.029140
0.244582 1.030599
0.666914 1.038389
0.738435 1.039150
0.360501 1.042068
0.244582 1.045243
0.522470 1.050087
0.533673 1.056299
0.095981 1.060611
0.148142 1.064116
0.148142 1.123213
0.148142 1.124103
0.148142 1.357831
0.148142 1.452381
0.148142 1.597055
14
1.000000 1.000000
0.620614 1.012830
0.383539 1.023092
0.383539 1.029337
0.339557 1.033809
0.339557 1.049471
0.339557 1.049471
0.493902 1.112664
0.278590 1.125858
0.114958 1.133549
0.493902 1.304167
0.348578 1.384081
0.348578 1.490736
0.348578 1.568273
12
0.998226 1.000000
1.000000 1.000000
0.674839 1.003777
0.351979 1.031115
0.589011 1.031490
0.351979 1.039875
0.351979 1.043469
0.558407 1.061904
0.073593 1.337899
0.073593 1.344018
0.073593 1.359715
0.073593 1.369770
36
1.000000 1.000000
0.994826 1.000000
0.793254 1.000952
0.838492 1.001382
0.590158 1.004791
0.784186 1.004972
0.648377 1.006896
0.732421 1.007020
0.732421 1.008361
0.427185 1.009367
0.732421 1.012639
0.531926 1.016907
0.462204 1.017734
0.531926 1.017871
0.510563 1.018095
0.293896 1.018142
0.548267 1.019687
0.524080 1.019747
0.531926 1.020798
0.427185 1.021809
0.043190 1.023929
0.043190 1.025153
0.548267 1.026406
0.012744 1.035741
0.043190 1.067066
0.012744 1.067649
0.012744 1.074759
0.293896 1.108657
0.043190 1.126461
0.043190 1.130048
0.012744 1.151570
0.012744 1.165571
0.242196 1.490556
0.242196 1.494903
0.242196 1.677135
0.242196 1.704622
19
1.000000 1.000000
0.999631 1.000000
0.554942 1.003430
0.554942 1.003430
0.554942 1.003430
0.554942 1.003534
0.554942 1.003674
0.701680 1.003883
0.512843 1.011873
0.036240 1.014035
0.036240 1.014035
0.221499 1.016707
0.307499 1.017569
0.036240 1.029313
0.036240 1.029313
0.649424 1.077129
0.036240 1.079005
0.441905 1.080526
0.636772 1.145868
12
1.000000 1.000000
0.999394 1.000000
0.262756 1.005097
0.262756 1.005097
0.262756 1.005097
0.366895 1.009971
0.366895 1.009971
0.827585 1.010507
0.262756 1.035525
0.262756 1.035525
0.701093 1.181680
0.509159 1.258755
21
1.000000 1.000000
0.839950 1.030077
0.779249 1.038607
0.458647 1.054185
0.458647 1.054185
0.449231 1.060350
0.270433 1.076842
0.270433 1.076842
0.099144 1.089507
0.099144 1.089507
0.270433 1.114242
0.173660 1.115617
0.173660 1.118613
0.002371 1.129722
0.442506 1.147389
0.600385 1.151210
0.322567 1.168996
0.322567 1.172481
0.322567 1.221225
0.320196 1.542165
0.000000 1.626473
33
1.000000 1.000000
0.991285 1.000000
0.119067 1.009110
0.281268 1.015641
0.119067 1.016510
0.408312 1.020462
0.408312 1.020462
0.408312 1.023126
0.740570 1.023623
0.301189 1.026159
0.382565 1.031381
0.443375 1.031526
0.443375 1.031526
0.443375 1.037009
0.281268 1.040102
0.408312 1.040150
0.251143 1.041105
0.722591 1.051676
0.584070 1.058369
0.301189 1.076605
0.251143 1.098240
0.275443 1.107355
0.119067 1.140192
0.119067 1.143590
0.275443 1.151570
0.032729 1.184538
0.225397 1.200468
0.119067 1.202298
0.225397 1.209426
0.119067 1.248749
0.032729 1.281323
0.032729 1.321598
0.204625 1.370931
21
1.000000 1.000000
0.522192 1.007326
0.664108 1.013732
0.376666 1.021485
0.376666 1.021557
0.376666 1.022936
0.376666 1.022939
0.400539 1.026828
0.196759 1.032428
0.196759 1.033814
0.217260 1.056026
0.217260 1.057357
0.217260 1.066170
0.563397 1.067838
0.217260 1.074849
0.217260 1.078122
0.589107 1.087879
0.196759 1.315970
0.002171 1.493385
0.002171 1.598101
0.002171 1.599103
11
1.000000 1.000000
0.998543 1.000000
0.805611 1.009501
0.779061 1.011389
0.593097 1.028592
0.305981 1.043360
0.305981 1.044063
0.305981 1.044158
0.416126 1.047137
0.614740 1.053174
0.070010 1.220449
22
1.000000 1.000000
0.811397 1.002049
0.721402 1.052355
0.615742 1.067202
0.488221 1.077018
0.526985 1.107893
0.446583 1.124865
0.446583 1.146344
0.446583 1.149904
0.471831 1.162027
0.526985 1.192727
0.406940 1.229513
0.218466 1.235176
0.218466 1.235176
0.292103 1.257843
0.252166 1.276933
0.218466 1.300279
0.218466 1.362739
0.218466 1.366730
0.176828 1.378470
0.218466 1.452573
0.176828 1.479393
10
1.000000 1.000000
0.812603 1.004231
0.570856 1.006456
0.570856 1.006456
0.758690 1.011486
0.443603 1.027911
0.443603 1.033127
0.443603 1.125900
0.405420 1.251520
0.405420 1.560830
15
1.000000 1.000000
0.671093 1.002080
0.303748 1.002262
0.303748 1.002262
0.303748 1.002262
0.786480 1.002613
0.634994 1.003303
0.303748 1.005307
0.303748 1.006859
0.282686 1.007550
0.282686 1.014390
0.282686 1.014390
0.282686 1.038288
0.570534 1.263325
0.570534 1.265496
20
1.000000 1.000000
0.681415 1.004095
0.720172 1.004351
0.554199 1.005489
0.554199 1.006809
0.481971 1.025263
0.481971 1.028820
0.481971 1.030435
0.371049 1.050301
0.094000 1.069350
0.094000 1.077464
0.325305 1.083073
0.048256 1.173670
0.094000 1.183256
0.753300 1.216105
0.094000 1.219815
0.094000 1.236927
0.048256 1.274831
0.830951 1.349807
0.361546 1.615782
33
1.000000 1.000000
0.605525 1.003636
0.798084 1.010711
0.413840 1.027264
0.578078 1.035582
0.301333 1.038171
0.633505 1.040895
0.301333 1.075868
0.378139 1.153188
0.301333 1.157210
0.301333 1.166670
0.476814 1.212163
0.258464 1.212510
0.258464 1.222468
0.476814 1.227365
0.258464 1.229647
0.476814 1.229935
0.211161 1.247175
0.228716 1.263724
0.144372 1.269365
0.273022 1.279975
0.277180 1.316291
0.228716 1.347941
0.204563 1.405880
0.204563 1.406630
0.204563 1.413013
0.258464 1.428470
0.144372 1.446749
0.211161 1.447615
0.144372 1.448346
0.144372 1.549698
0.041181 1.695591
0.041181 1.695591
9
1.000000 1.000000
0.812178 1.018785
0.443952 1.120059
0.160744 1.128649
0.443952 1.181618
0.442189 1.225781
0.443952 1.509420
0.768517 1.666500
0.768517 1.666500
26
1.000000 1.000000
0.691709 1.004676
0.535590 1.015318
0.535590 1.018346
0.514854 1.030066
0.295110 1.040972
0.295110 1.051254
0.254110 1.054385
0.683535 1.056376
0.426080 1.058704
0.219125 1.068157
0.219125 1.073836
0.438171 1.094593
0.219125 1.105632
0.155382 1.153125
0.155382 1.157838
0.155382 1.157838
0.254110 1.158765
0.131623 1.159836
0.131623 1.167971
0.155382 1.174590
0.254352 1.200418
0.022484 1.434975
0.254110 1.457467
0.213352 1.547469
0.213352 1.628537
24
1.000000 1.000000
0.236194 1.001851
0.713569 1.005545
0.713569 1.005545
0.640553 1.009572
0.640553 1.012368
0.520638 1.012435
0.179733 1.012636
0.179733 1.012636
0.512092 1.015508
0.417785 1.017971
0.576431 1.023592
0.179733 1.025534
0.179733 1.030691
0.174515 1.035116
0.106828 1.040585
0.106828 1.049661
0.174515 1.049821
0.106828 1.051754
0.106828 1.060767
0.174515 1.061725
0.106828 1.202292
0.031574 1.336603
0.167608 1.453486
29
1.000000 1.000000
0.638356 1.013130
0.733108 1.014490
0.635631 1.017086
0.277821 1.025244
0.614433 1.038685
0.495272 1.040892
0.524866 1.100907
0.220581 1.105815
0.220581 1.141005
0.169188 1.150953
0.169188 1.152254
0.419169 1.154980
0.102248 1.280815
0.000000 1.308711
0.000000 1.327215
0.000000 1.346273
0.000000 1.351410
0.000000 1.353651
0.102248 1.354577
0.000000 1.360611
0.000000 1.361974
0.000000 1.400485
0.169188 1.410241
0.169188 1.422785
0.000000 1.481440
0.102248 1.609331
0.019128 1.629902
0.000000 1.716195
12
1.000000 1.000000
0.999227 1.000000
0.829487 1.002087
0.726210 1.007134
0.726210 1.007134
0.548373 1.009241
0.548373 1.009241
0.548373 1.009241
0.263777 1.018792
0.263777 1.018792
0.402144 1.026546
0.305179 1.037858
19
1.000000 1.000000
0.497868 1.000108
0.731289 1.000646
0.741282 1.004165
0.482891 1.006448
0.605359 1.006522
0.482891 1.010701
0.238450 1.022705
0.238450 1.030536
0.371017 1.038033
0.238450 1.059092
0.237357 1.067518
0.142108 1.068958
0.142108 1.096978
0.015257 1.168752
0.015257 1.171433
0.015257 1.189337
0.371017 1.219357
0.051219 1.750834
28
1.000000 1.000000
0.754102 1.003803
0.746633 1.004941
0.746633 1.004941
0.661879 1.022510
0.171221 1.027325
0.171221 1.030990
0.171221 1.031990
0.512548 1.034357
0.171221 1.038287
0.677138 1.064761
0.094556 1.079377
0.094556 1.101278
0.470952 1.112240
0.732672 1.116422
0.429781 1.119215
0.429781 1.120835
0.596509 1.127350
0.085547 1.162511
0.393988 1.174541
0.085547 1.373569
0.085547 1.378717
0.036310 1.386243
0.036310 1.388381
0.021016 1.393620
0.021016 1.457198
0.027302 1.648768
0.027302 1.700430
9
1.000000 1.000000
0.674989 1.008147
0.791033 1.020400
0.599643 1.183322
0.461721 1.276775
0.300338 1.323797
0.300338 1.323797
0.300338 1.338161
0.461721 1.723534
14
0.999075 1.000000
0.997866 1.000000
1.000000 1.000000
0.570504 1.000894
0.728088 1.003621
0.308318 1.059905
0.308318 1.059905
0.308318 1.059905
0.244035 1.061205
0.244035 1.073028
0.696399 1.074716
0.244035 1.083342
0.566410 1.188458
0.244035 1.201609
21
0.991192 1.000000
1.000000 1.000000
0.673221 1.002454
0.605471 1.002696
0.605471 1.002696
0.712496 1.002917
0.712496 1.002917
0.721443 1.003231
0.746390 1.003733
0.457865 1.005014
0.247998 1.026782
0.404123 1.027939
0.247998 1.033168
0.247998 1.039627
0.247998 1.040058
0.133662 1.056712
0.254895 1.064961
0.807841 1.066769
0.477300 1.085231
0.133662 1.101608
0.254895 1.176307
36
1.000000 1.000000
0.998941 1.000000
0.830527 1.001619
0.669324 1.004805
0.325471 1.012012
0.325471 1.012012
0.551218 1.017774
0.111722 1.018316
0.819889 1.020581
0.391190 1.023833
0.391190 1.023833
0.619394 1.027156
0.554030 1.028171
0.398006 1.028673
0.111722 1.029390
0.146419 1.033701
0.111722 1.055701
0.111722 1.061547
0.017662 1.077750
0.173686 1.079747
0.237533 1.081238
0.453934 1.081411
0.017662 1.137267
0.111722 1.138918
0.398006 1.147518
0.076072 1.174581
0.076072 1.177237
0.076072 1.185489
0.076072 1.200295
0.017662 1.230704
0.076072 1.331090
0.076072 1.347164
0.000000 1.357062
0.000000 1.410365
0.000000 1.421977
0.076072 1.507468
9
1.000000 1.000000
0.719691 1.034447
0.628528 1.080551
0.474079 1.088138
0.541416 1.153263
0.412722 1.242999
0.363694 1.459900
0.363694 1.467146
0.363694 1.504647
29
1.000000 1.000000
0.748879 1.004229
0.669264 1.005027
0.708562 1.008180
0.785330 1.010095
0.785330 1.010095
0.424816 1.010436
0.424816 1.010871
0.424816 1.012075
0.444944 1.012203
0.013882 1.012521
0.013882 1.014275
0.013882 1.015159
0.013882 1.015351
0.013882 1.015351
0.242435 1.028818
0.013882 1.030337
0.457881 1.114387
0.013882 1.130676
0.013882 1.171275
0.532713 1.198611
0.532713 1.199586
0.013882 1.210130
0.249131 1.386467
0.249131 1.423268
0.006193 1.533819
0.006193 1.533819
0.006193 1.546584
0.249131 1.707613
20
1.000000 1.000000
0.040613 1.040811
0.107558 1.064076
0.212174 1.065129
0.567324 1.075138
0.040613 1.079907
0.706538 1.085141
0.040613 1.098154
0.107558 1.125454
0.040613 1.154542
0.040613 1.161920
0.586007 1.167866
0.040613 1.182945
0.040613 1.186130
0.040613 1.191641
0.581633 1.267169
0.003802 1.371338
0.000000 1.402864
0.000000 1.477363
0.000000 1.743236
13
1.000000 1.000000
0.724297 1.002298
0.600182 1.056562
0.356520 1.057088
0.555846 1.083071
0.591456 1.084975
0.288349 1.161057
0.647657 1.222234
0.263656 1.499223
0.263656 1.499323
0.263656 1.525061
0.263656 1.552227
0.263656 1.570147
7
1.000000 1.000000
0.735726 1.008734
0.483924 1.205051
0.271102 1.477781
0.640552 1.740239
0.640552 1.740340
0.640552 1.766153
32
1.000000 1.000000
0.690142 1.006858
0.476916 1.008756
0.476916 1.009140
0.834478 1.012025
0.476916 1.013311
0.476916 1.021310
0.393200 1.024495
0.179974 1.024557
0.476916 1.027307
0.476916 1.031395
0.179974 1.048389
0.179974 1.050433
0.384133 1.052622
0.589567 1.058888
0.179974 1.085116
0.702602 1.101031
0.179974 1.101446
0.071452 1.175316
0.118108 1.196139
0.118108 1.205839
0.236497 1.215311
0.140249 1.220945
0.118108 1.248739
0.071452 1.293497
0.118108 1.338503
0.118108 1.338618
0.118108 1.351005
0.589567 1.463532
0.118108 1.476034
0.009586 1.562675
0.009586 1.624541
16
1.000000 1.000000
0.760241 1.002164
0.760241 1.002164
0.787196 1.002828
0.787196 1.002828
0.694420 1.003739
0.234514 1.010962
0.234514 1.010962
0.234514 1.010962
0.234514 1.011192
0.234514 1.011192
0.234514 1.037760
0.234514 1.069928
0.234514 1.069928
0.520646 1.073522
0.647985 1.763130
25
1.000000 1.000000
0.804757 1.000177
0.757583 1.001513
0.757583 1.001513
0.436554 1.017252
0.632844 1.017907
0.664737 1.018739
0.561740 1.024989
0.436554 1.026063
0.585531 1.026175
0.436554 1.028381
0.436554 1.038617
0.264502 1.044297
0.264502 1.044297
0.536401 1.044371
0.193537 1.052092
0.264502 1.099970
0.264502 1.130913
0.021484 1.152312
0.264502 1.160334
0.021484 1.175976
0.193537 1.212375
0.193537 1.217512
0.184934 1.374862
0.012881 1.562757
17
1.000000 1.000000
0.769018 1.001926
0.682039 1.020384
0.682039 1.027553
0.563500 1.059974
0.563500 1.059974
0.295412 1.172306
0.556013 1.179044
0.295412 1.185775
0.008085 1.196328
0.266256 1.298097
0.266256 1.298097
0.266256 1.301503
0.266256 1.315027
0.266256 1.326851
0.008085 1.354718
0.266256 1.359945
23
1.000000 1.000000
0.695122 1.006402
0.305643 1.027512
0.610522 1.030801
0.421644 1.059438
0.305643 1.073517
0.005464 1.079598
0.005464 1.079598
0.256461 1.083777
0.256461 1.083904
0.005464 1.086489
0.324245 1.090400
0.256461 1.090959
0.256461 1.092337
0.256461 1.095483
0.005464 1.105822
0.193532 1.164721
0.193532 1.164749
0.193532 1.167919
0.005464 1.190856
0.005464 1.267078
0.581334 1.457936
0.581334 1.465561
9
1.000000 1.000000
0.803291 1.001088
0.618558 1.052410
0.618558 1.052410
0.446866 1.054615
0.284438 1.109590
0.206960 1.130075
0.206960 1.257318
0.534087 1.602147
31
1.000000 1.000000
0.598336 1.001757
0.809838 1.002642
0.322373 1.002834
0.322373 1.002834
0.517108 1.004882
0.241145 1.010659
0.322373 1.011223
0.236151 1.015087
0.648938 1.017841
0.241145 1.020217
0.241145 1.024331
0.236151 1.025195
0.236151 1.025195
0.291185 1.029831
0.081286 1.030099
0.081286 1.034334
0.081286 1.038290
0.279930 1.070485
0.279930 1.109394
0.081286 1.144643
0.236151 1.158028
0.236151 1.159005
0.021287 1.232241
0.081286 1.361154
0.081286 1.398006
0.021287 1.407655
0.021287 1.407655
0.021287 1.415255
0.081286 1.424245
0.081286 1.682740
29
1.000000 1.000000
0.457522 1.000060
0.577218 1.006525
0.016504 1.008258
0.675773 1.012440
0.016504 1.014221
0.567861 1.035206
0.390050 1.049762
0.016504 1.053156
0.016504 1.053275
0.016504 1.057505
0.016504 1.064700
0.016504 1.065871
0.359337 1.078861
0.359337 1.089329
0.338197 1.113613
0.016504 1.125814
0.338197 1.126388
0.138302 1.170079
0.016504 1.182710
0.016504 1.190705
0.338197 1.200636
0.138302 1.205810
0.138302 1.238566
0.129961 1.357222
0.138302 1.377514
0.138302 1.470931
0.129961 1.542346
0.129961 1.715639
17
1.000000 1.000000
0.622056 1.016321
0.254167 1.088589
0.306910 1.096683
0.825849 1.111681
0.254167 1.123343
0.712783 1.144518
0.706544 1.144633
0.706544 1.153916
0.505254 1.162152
0.254167 1.203633
0.505254 1.256359
0.496379 1.282850
0.530707 1.324225
0.530707 1.442660
0.254167 1.608628
0.166403 1.631117
20
1.000000 1.000000
0.312004 1.018658
0.312004 1.019533
0.474058 1.036240
0.474058 1.037477
0.605386 1.043567
0.763458 1.045325
0.060751 1.077954
0.036482 1.078000
0.577171 1.093760
0.513640 1.097486
0.513640 1.097486
0.285644 1.123565
0.012287 1.144585
0.012287 1.147509
0.285644 1.201457
0.312004 1.306338
0.012287 1.317405
0.022476 1.336992
0.020035 1.338041
16
1.000000 1.000000
0.991565 1.000000
0.002328 1.012233
0.011464 1.012256
0.002328 1.033500
0.045884 1.042698
0.659350 1.045430
0.045884 1.048380
0.045884 1.064753
0.694290 1.118984
0.572689 1.128474
0.002328 1.212127
0.002328 1.223738
0.489457 1.240976
0.002328 1.286528
0.489457 1.388399
23
1.000000 1.000000
0.992047 1.000000
0.754373 1.000741
0.623545 1.001591
0.008362 1.003501
0.008362 1.003501
0.008362 1.003735
0.008362 1.003765
0.517859 1.004196
0.320184 1.004456
0.496353 1.005038
0.614784 1.006052
0.008362 1.007771
0.008362 1.007991
0.320184 1.009250
0.658693 1.017473
0.396828 1.057288
0.486076 1.068896
0.425435 1.076178
0.008362 1.093691
0.008362 1.110196
0.008362 1.111197
0.008362 1.130603
9
1.000000 1.000000
0.999107 1.000000
0.631394 1.007613
0.631394 1.007613
0.528982 1.035514
0.539181 1.035975
0.539181 1.035975
0.539181 1.035975
0.427245 1.051879
33
1.000000 1.000000
0.778869 1.000496
0.627560 1.001246
0.297761 1.004153
0.536336 1.008226
0.076629 1.009091
0.076629 1.009391
0.076629 1.011652
0.076629 1.012725
0.076629 1.013556
0.076629 1.031508
0.504874 1.040195
0.297761 1.042953
0.504874 1.046552
0.076629 1.066927
0.076629 1.068576
0.473113 1.085940
0.473113 1.140660
0.473113 1.145610
0.473113 1.167426
0.473113 1.179494
0.473113 1.197688
0.473113 1.201437
0.076629 1.244575
0.076629 1.259665
0.076629 1.259677
0.016394 1.263219
0.016394 1.265330
0.016394 1.267084
0.076629 1.268214
0.425938 1.501506
0.076629 1.642212
0.076629 1.647992
31
1.000000 1.000000
0.626782 1.000249
0.626782 1.000249
0.837622 1.000427
0.567867 1.004795
0.567867 1.004795
0.238675 1.012833
0.238675 1.012833
0.238675 1.016136
0.238675 1.018558
0.620533 1.019396
0.517486 1.019476
0.522064 1.020360
0.238675 1.021009
0.314232 1.021091
0.157472 1.021870
0.157472 1.022473
0.157472 1.029719
0.079933 1.030156
0.157472 1.031848
0.287185 1.035304
0.079933 1.044902
0.073239 1.064668
0.073239 1.071332
0.079933 1.153993
0.287185 1.169493
0.079933 1.181875
0.079933 1.186112
0.067840 1.351405
0.073239 1.356193
0.073239 1.368232
33
1.000000 1.000000
0.697611 1.000598
0.671509 1.000828
0.673972 1.007788
0.574223 1.009884
0.454936 1.015003
0.667601 1.015444
0.722876 1.016351
0.359462 1.021877
0.358117 1.024335
0.304823 1.024467
0.304823 1.024890
0.358117 1.026341
0.358117 1.026918
0.154371 1.033512
0.154371 1.036059
0.154371 1.038270
0.154371 1.038270
0.073379 1.039566
0.454936 1.066156
0.154371 1.086155
0.055645 1.093541
0.325739 1.098570
0.197523 1.209114
0.197523 1.210166
0.183306 1.305185
0.073379 1.334312
0.197523 1.362602
0.055090 1.396141
0.150339 1.449931
0.150339 1.460072
0.055090 1.461590
0.054101 1.560748
17
1.000000 1.000000
0.766672 1.004901
0.496874 1.031085
0.496874 1.033335
0.492765 1.037274
0.781623 1.042136
0.356093 1.048707
0.536189 1.054675
0.638092 1.068731
0.491644 1.076750
0.478161 1.077788
0.356093 1.121822
0.356093 1.128749
0.368293 1.173242
0.356093 1.178902
0.356093 1.240765
0.356093 1.255921
22
1.000000 1.000000
0.824223 1.000648
0.832071 1.001250
0.819292 1.001492
0.455651 1.001851
0.450604 1.003371
0.217020 1.005775
0.533240 1.009803
0.650341 1.013331
0.299107 1.014532
0.568254 1.015600
0.286642 1.016171
0.083349 1.023899
0.004074 1.024964
0.568254 1.024998
0.217020 1.030982
0.217020 1.086275
0.217020 1.203928
0.217020 1.258094
0.004074 1.338849
0.004074 1.338849
0.004074 1.348824
8
1.000000 1.000000
0.816123 1.000696
0.545940 1.012535
0.090581 1.094691
0.318673 1.134543
0.318673 1.139182
0.039901 1.171197
0.090581 1.211090
6
1.000000 1.000000
0.563111 1.000103
0.454659 1.027200
0.601070 1.034985
0.173735 1.095697
0.173735 1.095697
23
1.000000 1.000000
0.461846 1.000252
0.670221 1.008519
0.350688 1.049888
0.483160 1.054967
0.412927 1.057602
0.483160 1.059488
0.316406 1.063763
0.480041 1.070492
0.309429 1.073018
0.258345 1.080175
0.258345 1.133253
0.075505 1.222973
0.075505 1.224261
0.034246 1.246028
0.034246 1.251092
0.034246 1.255824
0.258345 1.305085
0.233752 1.495944
0.034246 1.666306
0.034246 1.686943
0.034246 1.693075
0.034246 1.733316
14
1.000000 1.000000
0.831376 1.002255
0.616680 1.004204
0.650747 1.004699
0.616680 1.006787
0.616680 1.006787
0.561336 1.007619
0.662776 1.089329
0.654654 1.091650
0.204450 1.197632
0.147097 1.210630
0.147097 1.242082
0.581254 1.246156
0.131721 1.322887
12
1.000000 1.000000
0.801685 1.000486
0.625137 1.000616
0.783400 1.002216
0.638679 1.025128
0.497733 1.027378
0.316827 1.074856
0.316827 1.078485
0.437086 1.082794
0.482895 1.084083
0.159232 1.147799
0.316795 1.150778
16
1.000000 1.000000
0.999060 1.000000
0.792672 1.002537
0.667095 1.008675
0.667095 1.008675
0.450861 1.011236
0.450861 1.011236
0.450861 1.011236
0.450861 1.011314
0.450861 1.011418
0.355210 1.023995
0.355210 1.023995
0.355210 1.025984
0.419426 1.026628
0.355210 1.035403
0.254026 1.153299
12
1.000000 1.000000
0.704749 1.009268
0.584477 1.012739
0.625267 1.015081
0.584477 1.022191
0.322608 1.029351
0.322608 1.041618
0.205056 1.238260
0.066707 1.373504
0.205056 1.379535
0.167603 1.769965
0.167603 1.775588
25
1.000000 1.000000
0.998252 1.000000
0.998438 1.000000
0.812903 1.002514
0.754389 1.024975
0.020976 1.060721
0.020976 1.062475
0.020976 1.065081
0.117954 1.066099
0.296144 1.068023
0.020976 1.069603
0.007821 1.090057
0.007821 1.090057
0.020976 1.090538
0.020976 1.101602
0.020976 1.109252
0.020976 1.112105
0.020976 1.113122
0.020976 1.123692
0.020976 1.174122
0.007821 1.177210
0.020976 1.191314
0.007821 1.206556
0.007821 1.449558
0.020976 1.522435
22
1.000000 1.000000
0.760131 1.017770
0.253316 1.030941
0.448464 1.033456
0.576792 1.038463
0.253316 1.094463
0.576792 1.096666
0.093389 1.121979
0.093389 1.125496
0.093389 1.126132
0.093389 1.138922
0.093389 1.140095
0.093389 1.141493
0.134769 1.157772
0.093389 1.225030
0.276729 1.235243
0.031252 1.302168
0.025256 1.386680
0.093389 1.419783
0.031252 1.442242
0.093389 1.604231
0.031252 1.622410
11
1.000000 1.000000
0.674166 1.029595
0.735923 1.038909
0.553397 1.043445
0.553397 1.072443
0.553397 1.074598
0.553397 1.074598
0.553397 1.075758
0.242183 1.089691
0.473294 1.175299
0.473294 1.230851
13
1.000000 1.000000
0.998942 1.000000
0.998590 1.000000
0.565833 1.000796
0.690850 1.001143
0.507478 1.001184
0.565833 1.003682
0.421050 1.005088
0.380854 1.027817
0.652090 1.061342
0.472694 1.112136
0.472694 1.122155
0.472694 1.239148
31
1.000000 1.000000
0.783373 1.024806
0.498389 1.057268
0.498389 1.063355
0.402403 1.074504
0.402403 1.075835
0.525705 1.077734
0.727284 1.079099
0.000000 1.082337
0.387337 1.087136
0.387337 1.087551
0.402403 1.088509
0.000000 1.092409
0.000000 1.092807
0.000000 1.110340
0.300498 1.148787
0.263874 1.160062
0.000000 1.196839
0.000000 1.206988
0.000000 1.228657
0.000000 1.235541
0.300498 1.264637
0.210201 1.275641
0.210201 1.280728
0.000000 1.294030
0.210201 1.303703
0.000000 1.388448
0.210201 1.455517
0.131611 1.474295
0.000000 1.589933
0.000000 1.594766
6
1.000000 1.000000
0.997887 1.000000
0.582124 1.024674
0.476405 1.276047
0.261010 1.278814
0.233406 1.579200
12
1.000000 1.000000
0.991496 1.000000
0.992945 1.000000
0.333032 1.001877
0.780009 1.004506
0.348654 1.018946
0.617103 1.021547
0.333032 1.033836
0.380846 1.035941
0.380846 1.035941
0.380846 1.038896
0.380846 1.060578
39
1.000000 1.000000
0.631006 1.007143
0.631006 1.007143
0.631006 1.007960
0.749465 1.016265
0.631006 1.028661
0.548401 1.032533
0.764592 1.033131
0.324371 1.033803
0.558238 1.037681
0.548401 1.038490
0.558238 1.040433
0.636538 1.043069
0.000000 1.056602
0.324371 1.060901
0.000000 1.060911
0.324371 1.062424
0.324371 1.072801
0.324371 1.075497
0.363462 1.078039
0.352452 1.081998
0.089847 1.086072
0.089847 1.087391
0.000000 1.091392
0.000000 1.098035
0.558238 1.100207
0.000000 1.100473
0.387692 1.111192
0.000000 1.115881
0.000000 1.126348
0.000000 1.139165
0.000000 1.173444
0.000000 1.174598
0.000000 1.184078
0.089847 1.269711
0.000000 1.463641
0.000000 1.464780
0.001892 1.579593
0.001892 1.584123
20
1.000000 1.000000
0.669508 1.005565
0.536358 1.007024
0.536358 1.008406
0.619446 1.010166
0.710951 1.031842
0.636769 1.043059
0.420262 1.084659
0.229762 1.087883
0.229762 1.087883
0.413663 1.090924
0.392138 1.114840
0.229762 1.120473
0.733282 1.229815
0.269639 1.238128
0.269639 1.240851
0.402790 1.252494
0.269639 1.282351
0.071021 1.330357
0.125420 1.536533
25
1.000000 1.000000
0.835611 1.002263
0.125962 1.002350
0.125962 1.002350
0.760715 1.003056
0.545536 1.006182
0.125962 1.007007
0.233766 1.007193
0.125962 1.007979
0.681805 1.009228
0.125962 1.019466
0.233766 1.019628
0.436566 1.027124
0.436566 1.035348
0.099327 1.041964
0.099327 1.047084
0.059942 1.069946
0.099327 1.082163
0.421117 1.104433
0.125962 1.122207
0.033307 1.234952
0.015449 1.258611
0.033307 1.294445
0.000000 1.547312
0.033307 1.703026
26
1.000000 1.000000
0.645797 1.008157
0.688970 1.009904
0.561816 1.016198
0.327721 1.023711
0.609456 1.035751
0.588845 1.036380
0.327721 1.052899
0.327721 1.052899
0.588845 1.080084
0.561816 1.081752
0.301863 1.092033
0.301863 1.092033
0.301863 1.093270
0.535958 1.095017
0.023952 1.098494
0.159465 1.100133
0.451855 1.117182
0.023952 1.126601
0.023952 1.129463
0.023952 1.131363
0.327721 1.134838
0.023952 1.134886
0.023952 1.134886
0.023952 1.191420
0.369434 1.210145
9
1.000000 1.000000
0.580956 1.007609
0.430187 1.014763
0.430187 1.020969
0.011143 1.057003
0.011143 1.061981
0.011143 1.062688
0.000000 1.458549
0.000000 1.669684
10
1.000000 1.000000
0.739902 1.001523
0.810077 1.009824
0.739902 1.022267
0.746124 1.044277
0.546925 1.080333
0.546925 1.111057
0.599012 1.177138
0.599012 1.196102
0.594015 1.371681
37
1.000000 1.000000
0.804404 1.000704
0.291336 1.001361
0.657723 1.001977
0.291336 1.002061
0.445990 1.005473
0.760094 1.006979
0.775098 1.007344
0.291336 1.008277
0.692611 1.008700
0.159431 1.009127
0.655843 1.012654
0.159431 1.015102
0.159431 1.019355
0.291336 1.019694
0.017330 1.019984
0.204891 1.021451
0.159431 1.031335
0.159431 1.032537
0.206669 1.033708
0.159431 1.040233
0.159431 1.044139
0.159431 1.046745
0.159431 1.059289
0.206669 1.074897
0.054925 1.103097
0.017330 1.106271
0.159431 1.149019
0.017330 1.200250
0.159431 1.202654
0.017330 1.202936
0.054925 1.229476
0.054925 1.253194
0.017330 1.298297
0.017330 1.361737
0.017330 1.420533
0.002884 1.592477
26
1.000000 1.000000
0.998295 1.000000
0.643337 1.004978
0.836679 1.008078
0.491342 1.008720
0.491342 1.010850
0.491342 1.010850
0.595685 1.016505
0.479278 1.020554
0.479278 1.026518
0.319579 1.028010
0.319579 1.029262
0.341361 1.035566
0.820523 1.054705
0.319579 1.059407
0.319579 1.076900
0.319579 1.085100
0.253176 1.121296
0.073699 1.129156
0.073699 1.130575
0.073699 1.131274
0.073699 1.139537
0.073699 1.140021
0.072347 1.172533
0.072347 1.200292
0.072347 1.319323
20
1.000000 1.000000
0.708659 1.004769
0.008394 1.014562
0.008394 1.021685
0.303901 1.025594
0.303901 1.026417
0.002128 1.028394
0.008394 1.031118
0.008394 1.038440
0.458838 1.041008
0.054816 1.042149
0.452075 1.042526
0.008394 1.045024
0.323564 1.206003
0.008394 1.230485
0.008394 1.233940
0.008394 1.235055
0.002128 1.309680
0.743291 1.391898
0.731529 1.420659
21
1.000000 1.000000
0.713913 1.000631
0.713913 1.001445
0.754290 1.045677
0.542437 1.049077
0.194848 1.049497
0.535318 1.066184
0.368388 1.068485
0.219861 1.119652
0.427854 1.132980
0.194848 1.164345
0.219861 1.207348
0.071620 1.208298
0.071620 1.270730
0.071620 1.329714
0.063843 1.509741
0.063843 1.509741
0.004160 1.654522
0.004160 1.655085
0.063843 1.688045
0.063843 1.693209
15
1.000000 1.000000
0.994850 1.000000
0.715721 1.017978
0.297506 1.057570
0.137177 1.065069
0.503452 1.067042
0.586459 1.069448
0.297506 1.071036
0.137177 1.093638
0.137177 1.107251
0.520033 1.131445
0.041132 1.223089
0.002972 1.332056
0.002972 1.340760
0.174084 1.597677
11
0.998948 1.000000
1.000000 1.000000
0.228947 1.006725
0.228947 1.007591
0.228947 1.010696
0.760649 1.012338
0.304919 1.017220
0.711676 1.020879
0.582634 1.057605
0.532212 1.073461
0.045157 1.223436
9
1.000000 1.000000
0.649314 1.003559
0.649314 1.003559
0.660228 1.003941
0.513665 1.009943
0.428588 1.050261
0.266090 1.083064
0.266090 1.220988
0.266090 1.300295
31
1.000000 1.000000
0.746539 1.000599
0.623645 1.001087
0.604546 1.006408
0.604546 1.006408
0.730188 1.009776
0.467044 1.011931
0.604546 1.012150
0.467044 1.017375
0.441359 1.024555
0.377809 1.095230
0.377809 1.096565
0.360302 1.098512
0.360302 1.102552
0.364864 1.109206
0.135224 1.110508
0.360302 1.124609
0.045989 1.157657
0.045989 1.159218
0.045989 1.169854
0.045989 1.172618
0.045989 1.183536
0.041338 1.302069
0.041338 1.303252
0.041338 1.307732
0.041338 1.309334
0.330167 1.325074
0.041338 1.532069
0.045989 1.671321
0.041338 1.743745
0.041338 1.756177
20
1.000000 1.000000
0.752123 1.003294
0.752123 1.003294
0.644056 1.004356
0.666186 1.004380
0.746591 1.004426
0.669605 1.009355
0.609427 1.021158
0.554308 1.029546
0.554308 1.032011
0.434103 1.036805
0.554308 1.041750
0.554308 1.045023
0.390647 1.064964
0.001507 1.113799
0.001507 1.134903
0.554308 1.240955
0.554308 1.243915
0.001507 1.247788
0.484881 1.683968
31
1.000000 1.000000
0.788995 1.001012
0.694543 1.002317
0.677020 1.004312
0.816332 1.006732
0.488786 1.019010
0.524409 1.021513
0.437771 1.026378
0.437771 1.027332
0.324343 1.029692
0.437771 1.038359
0.424950 1.056694
0.488786 1.060077
0.260508 1.060495
0.388663 1.062430
0.260508 1.077628
0.260508 1.077628
0.388663 1.099943
0.131374 1.109426
0.388663 1.116563
0.067539 1.122652
0.067539 1.125890
0.374719 1.136912
0.374719 1.140333
0.663507 1.199451
0.260508 1.260672
0.067539 1.263929
0.005886 1.285162
0.005886 1.289472
0.005886 1.289472
0.005886 1.623414
14
1.000000 1.000000
0.586938 1.001012
0.800789 1.005271
0.506141 1.017065
0.258757 1.037748
0.257678 1.046865
0.258757 1.059896
0.257678 1.065747
0.047624 1.083601
0.046545 1.144285
0.585259 1.261390
0.538070 1.285520
0.538070 1.544735
0.046545 1.576894
16
1.000000 1.000000
0.752117 1.000607
0.805421 1.012716
0.332213 1.014531
0.712806 1.014653
0.380700 1.015493
0.224593 1.016272
0.224593 1.016314
0.355413 1.018425
0.380700 1.020273
0.675269 1.120037
0.675269 1.120037
0.675269 1.121695
0.587693 1.147493
0.530821 1.151003
0.203033 1.194355
33
1.000000 1.000000
0.740526 1.009404
0.418753 1.024149
0.587957 1.035696
0.556960 1.072756
0.164674 1.073156
0.708581 1.074714
0.685835 1.075806
0.070197 1.090875
0.070197 1.098851
0.070197 1.101305
0.146067 1.101920
0.070197 1.102275
0.326456 1.105228
0.045295 1.111513
0.556960 1.129227
0.326456 1.142291
0.070197 1.144598
0.610040 1.179942
0.029283 1.196716
0.164674 1.201429
0.029283 1.205133
0.070197 1.206991
0.164674 1.208324
0.029283 1.221563
0.418753 1.230793
0.070197 1.244908
0.164674 1.263120
0.418753 1.263547
0.164674 1.289318
0.164674 1.303865
0.070197 1.331441
0.045295 1.462076
30
0.980290 1.000000
1.000000 1.000000
0.820239 1.000139
0.815363 1.006464
0.356657 1.006528
0.356657 1.006528
0.701760 1.007085
0.707480 1.009944
0.580761 1.013235
0.174612 1.013265
0.634207 1.016291
0.710472 1.017414
0.174612 1.029916
0.174612 1.033541
0.018612 1.036720
0.200658 1.068756
0.018612 1.069684
0.018612 1.076377
0.343548 1.081997
0.174612 1.084418
0.505554 1.096067
0.505554 1.103133
0.505554 1.148596
0.482214 1.182800
0.017372 1.376083
0.017372 1.384957
0.017372 1.385013
0.017372 1.398002
0.017372 1.455472
0.017372 1.464440
15
1.000000 1.000000
0.761462 1.000145
0.346733 1.024651
0.272198 1.055933
0.272198 1.055933
0.272198 1.061059
0.329788 1.061464
0.272198 1.065235
0.226224 1.080425
0.226224 1.116572
0.676558 1.148093
0.080024 1.164545
0.080024 1.268626
0.226224 1.539817
0.226224 1.573660
14
1.000000 1.000000
0.642144 1.010278
0.209451 1.039486
0.308861 1.042114
0.576804 1.046580
0.209451 1.053642
0.449104 1.056313
0.570351 1.085436
0.509797 1.088246
0.209451 1.089026
0.209451 1.124805
0.209451 1.127455
0.209451 1.178735
0.047317 1.413720
26
1.000000 1.000000
0.474032 1.008857
0.538590 1.009284
0.485982 1.009438
0.698173 1.010069
0.474032 1.011883
0.521403 1.013193
0.442574 1.014285
0.394360 1.016179
0.467244 1.017045
0.300115 1.019198
0.300115 1.021398
0.300115 1.023343
0.622931 1.059691
0.421928 1.068528
0.300115 1.084059
0.421928 1.139434
0.160896 1.158488
0.160896 1.169461
0.160896 1.187792
0.300115 1.245008
0.032623 1.634464
0.032623 1.634696
0.000000 1.641414
0.000000 1.645746
0.000000 1.711792
6
0.997679 1.000000
1.000000 1.000000
0.258966 1.010512
0.138483 1.463610
0.852562 1.660364
0.852562 1.703498
23
1.000000 1.000000
0.209993 1.001618
0.209993 1.001618
0.744790 1.002584
0.573280 1.005059
0.600297 1.012639
0.365642 1.012805
0.445878 1.012927
0.209993 1.013292
0.035353 1.019418
0.402124 1.025114
0.516186 1.031392
0.718061 1.031666
0.718061 1.033073
0.402124 1.043287
0.035353 1.081741
0.035353 1.081741
0.035353 1.089504
0.035353 1.091571
0.035353 1.095256
0.035353 1.135710
0.035353 1.223362
0.035353 1.455591
20
1.000000 1.000000
0.800787 1.002221
0.605838 1.002845
0.735708 1.003824
0.833789 1.019538
0.644908 1.020488
0.462062 1.043153
0.555796 1.061968
0.451881 1.067886
0.225157 1.216693
0.225157 1.221560
0.225157 1.222575
0.042311 1.243735
0.042311 1.243735
0.042311 1.287134
0.042311 1.392736
0.024589 1.482861
0.451881 1.531085
0.451881 1.588394
0.042311 1.604443
22
1.000000 1.000000
0.778590 1.003018
0.649966 1.018278
0.533630 1.027277
0.491858 1.028730
0.736818 1.031702
0.701641 1.039229
0.676153 1.047828
0.273839 1.093587
0.273839 1.124096
0.289723 1.132825
0.676153 1.133245
0.539685 1.138089
0.667695 1.153516
0.575048 1.160857
0.157866 1.165720
0.157866 1.304488
0.493973 1.313972
0.157866 1.422651
0.157866 1.484219
0.157866 1.520504
0.157866 1.597928
3
1.000000 1.000000
0.999013 1.000000
0.813775 1.001552
16
1.000000 1.000000
0.765139 1.003601
0.606825 1.011087
0.043141 1.048524
0.043141 1.110289
0.043141 1.110752
0.163290 1.218975
0.163290 1.223065
0.023339 1.224146
0.023339 1.226692
0.023339 1.233472
0.023339 1.233661
0.023339 1.249818
0.023339 1.258871
0.163290 1.560758
0.163290 1.566980
34
1.000000 1.000000
0.559797 1.032675
0.467186 1.053588
0.747959 1.056345
0.432970 1.058614
0.788803 1.065090
0.210047 1.068997
0.467186 1.070492
0.604833 1.074023
0.604833 1.085825
0.210047 1.104347
0.175831 1.105776
0.210047 1.107587
0.788803 1.129650
0.690841 1.130892
0.254859 1.135582
0.175831 1.145161
0.604833 1.167453
0.197156 1.178939
0.162940 1.186127
0.453689 1.186178
0.058904 1.189465
0.254859 1.215287
0.162940 1.217729
0.058904 1.229231
0.058904 1.240768
0.058904 1.276520
0.058904 1.277507
0.559797 1.283419
0.466056 1.311698
0.162940 1.337240
0.058904 1.400921
0.376553 1.520600
0.024688 1.641185
16
0.992754 1.000000
0.994174 1.000000
1.000000 1.000000
0.998593 1.000000
0.833619 1.000576
0.804419 1.001789
0.762344 1.003644
0.432190 1.021932
0.350418 1.040484
0.285298 1.047077
0.285298 1.047077
0.405885 1.161437
0.285298 1.196978
0.334980 1.197910
0.285298 1.199139
0.056629 1.245071
22
1.000000 1.000000
0.754519 1.000086
0.712625 1.029586
0.590342 1.030357
0.383300 1.030671
0.500757 1.062884
0.271040 1.064769
0.414170 1.093926
0.184453 1.095097
0.184453 1.096039
0.421852 1.115572
0.000000 1.138818
0.372990 1.150184
0.143273 1.150898
0.372990 1.150898
0.074564 1.205843
0.614873 1.223149
0.074564 1.326670
0.074564 1.439644
0.000000 1.500043
0.074564 1.581689
0.074564 1.743582
11
1.000000 1.000000
0.753141 1.003740
0.794942 1.007762
0.296587 1.050813
0.519982 1.052763
0.296587 1.055635
0.428963 1.060557
0.296587 1.068725
0.293074 1.087086
0.000870 1.114763
0.575760 1.205265
32
1.000000 1.000000
0.704865 1.000584
0.681793 1.007602
0.584437 1.009647
0.494463 1.013823
0.468012 1.014643
0.191647 1.016810
0.191647 1.017642
0.597934 1.017977
0.597934 1.018590
0.012066 1.019192
0.187759 1.021760
0.012066 1.024813
0.012066 1.025414
0.008179 1.027693
0.008179 1.027693
0.012066 1.029902
0.191647 1.030737
0.008179 1.035831
0.008179 1.039712
0.468012 1.064569
0.008179 1.072797
0.008179 1.098809
0.008179 1.107049
0.008179 1.134133
0.190666 1.218447
0.190666 1.219473
0.008179 1.266089
0.190666 1.368252
0.008179 1.402277
0.113427 1.426151
0.113427 1.436049
