17
0.891332 1.000000
0.694517 1.000438
0.659076 1.071350
0.529200 1.117020
0.383872 1.144202
0.240827 1.221558
0.450468 1.240139
0.383872 1.249398
0.383872 1.249429
0.000469 1.281961
0.000469 1.321655
0.000469 1.322688
0.000469 1.338515
0.000469 1.366386
0.012231 1.377147
0.012231 1.472145
0.012231 1.582095
22
1.000000 1.000000
0.674598 1.024787
0.409875 1.073369
0.856633 1.092604
0.386476 1.107277
0.428713 1.147333
0.386476 1.150307
0.392425 1.168550
0.757684 1.176284
0.018640 1.182828
0.306167 1.188776
0.018640 1.200674
0.018640 1.249851
0.386476 1.280984
0.347611 1.299425
0.199484 1.300416
0.386476 1.311719
0.347611 1.323022
0.018640 1.546500
0.018640 1.554035
0.018640 1.564942
0.018640 1.695816
26
0.857322 1.000000
0.708094 1.001705
0.240578 1.010678
0.509961 1.016691
0.087491 1.028087
0.240578 1.036791
0.555007 1.037330
0.545047 1.040022
0.647793 1.071967
0.609745 1.074659
0.647434 1.075287
0.056353 1.100502
0.087491 1.122757
0.087491 1.132179
0.429110 1.136845
0.087491 1.152010
0.056353 1.249282
0.195621 1.254756
0.087491 1.255653
0.195621 1.289304
0.136665 1.292265
0.087491 1.453876
0.080581 1.496231
0.298905 1.502333
0.056353 1.623116
0.056353 1.684314
9
1.000000 1.000000
0.095772 1.057871
0.207676 1.062249
0.732414 1.113643
0.095772 1.168216
0.706207 1.281679
0.706207 1.396582
0.095772 1.637121
0.095772 1.655892
14
0.952330 1.000000
0.550875 1.049125
0.585801 1.089400
0.483658 1.154140
0.314376 1.248889
0.550875 1.255811
0.131052 1.265998
0.559567 1.292586
0.435831 1.299194
0.250108 1.329636
0.559567 1.408378
0.131052 1.463088
0.131052 1.575929
0.250108 1.761337
6
0.983868 1.000000
0.743921 1.004483
0.488045 1.132489
0.488045 1.158436
0.488045 1.161765
0.488045 1.318944
17
1.000000 1.000000
0.411895 1.010039
0.390154 1.014748
0.799765 1.015925
0.178979 1.018071
0.096310 1.022364
0.805927 1.044174
0.577927 1.090494
0.577927 1.106626
0.365021 1.131205
0.096310 1.143668
0.096310 1.161947
0.096310 1.164578
0.055182 1.214083
0.214983 1.305130
0.475455 1.487641
0.577927 1.535069
12
0.958081 1.000000
0.690291 1.005533
0.348153 1.007978
0.604941 1.010616
0.348153 1.011807
0.642485 1.015635
0.575473 1.019270
0.199717 1.028600
0.348153 1.034616
0.380968 1.071902
0.252767 1.154517
0.199717 1.426361
2
0.940194 1.000000
0.561072 1.024988
8
0.792340 1.000000
0.242013 1.013220
0.518499 1.025987
0.242013 1.032242
0.657018 1.037866
0.242013 1.045088
0.063557 1.306320
0.555378 1.428027
24
0.895238 1.000000
0.730396 1.020715
0.021716 1.031291
0.103261 1.033857
0.524313 1.037049
0.372364 1.041867
0.261218 1.049315
0.103261 1.051255
0.452469 1.052006
0.021716 1.075912
0.549659 1.093373
0.631203 1.115276
0.114525 1.152575
0.114525 1.171913
0.114525 1.231742
0.114525 1.239752
0.021716 1.251705
0.021716 1.254396
0.021716 1.267726
0.021716 1.354966
0.021716 1.389699
0.000000 1.558546
0.021716 1.660680
0.021716 1.680706
16
0.997829 1.000000
0.011938 1.012558
0.011938 1.013643
0.242791 1.031473
0.339225 1.035194
0.518760 1.086822
0.753798 1.117054
0.011938 1.139380
0.011938 1.144961
0.203721 1.178605
0.011938 1.230543
0.607287 1.245116
0.674419 1.253023
0.011938 1.284031
0.011938 1.333953
0.011938 1.411473
6
0.984561 1.000000
0.687496 1.025264
0.429121 1.074998
0.429121 1.227070
0.429121 1.260877
0.429121 1.323976
15
1.000000 1.000000
0.751099 1.122912
0.002286 1.139529
0.313346 1.167223
0.002286 1.167663
0.002286 1.181379
0.513891 1.190786
0.202831 1.199138
0.513891 1.211183
0.002286 1.249516
0.478899 1.333744
0.478899 1.442764
0.312027 1.483647
0.002286 1.656585
0.002286 1.735713
4
1.000000 1.000000
1.000000 1.347876
1.000000 1.436868
0.880670 1.540017
20
0.886188 1.000000
0.727544 1.009222
0.699078 1.020950
0.622848 1.027613
0.349645 1.050589
0.273415 1.051868
0.473586 1.052135
0.273415 1.067701
0.531212 1.085719
0.124154 1.134122
0.124154 1.167440
0.000853 1.182632
0.124154 1.189829
0.000853 1.199104
0.000853 1.256890
0.022336 1.313556
0.240365 1.441175
0.022336 1.495549
0.022336 1.680313
0.022336 1.723386
2
0.862884 1.000000
0.221040 1.670213
6
0.964784 1.000000
0.806037 1.005864
0.383055 1.045663
0.274297 1.061941
0.536258 1.093985
0.274297 1.156503
18
0.916334 1.000000
0.178530 1.007337
0.341099 1.023813
0.095765 1.066160
0.427983 1.095765
0.106835 1.112885
0.281890 1.143133
0.427983 1.169262
0.095765 1.257691
0.281890 1.304286
0.281890 1.361565
0.281890 1.406616
0.092676 1.461707
0.092676 1.463251
0.106835 1.474578
0.281890 1.535204
0.095765 1.564423
0.024070 1.672416
17
0.979780 1.000000
0.798946 1.004044
0.748801 1.007976
0.675926 1.064257
0.460927 1.106705
0.331353 1.130940
0.536674 1.151913
0.135793 1.194584
0.556281 1.200971
0.331353 1.221413
0.135793 1.229975
0.135793 1.245008
0.135793 1.261518
0.142403 1.423444
0.000000 1.440484
0.142403 1.553129
0.135793 1.687277
10
0.887993 1.000000
0.420881 1.072293
0.482315 1.072758
0.420881 1.116662
0.599597 1.125659
0.353708 1.179336
0.599597 1.193453
0.353708 1.414055
0.197952 1.438101
0.197952 1.443996
14
0.907647 1.000000
0.688711 1.012012
0.841901 1.071170
0.540041 1.092870
0.652028 1.100103
0.664944 1.135882
0.642211 1.157969
0.863214 1.164557
0.579566 1.168819
0.664944 1.200982
0.705115 1.230819
0.272798 1.340610
0.579566 1.411780
0.085637 1.456859
14
0.915471 1.000000
0.504867 1.040471
0.681096 1.050461
0.244109 1.068391
0.438781 1.085297
0.075820 1.097080
0.383453 1.114754
0.020492 1.189805
0.020492 1.236680
0.105789 1.328893
0.020492 1.331199
0.020492 1.355021
0.681096 1.390113
0.020492 1.556096
21
1.000000 1.000000
0.617689 1.003771
0.823106 1.012479
0.541310 1.020432
0.493795 1.055399
0.591704 1.056428
0.528077 1.060267
0.245389 1.085979
0.294138 1.107165
0.385944 1.116352
0.451697 1.120741
0.202400 1.136030
0.258416 1.157216
0.245389 1.212684
0.010010 1.272609
0.280014 1.335962
0.126020 1.427220
0.280014 1.445389
0.245389 1.605005
0.245389 1.696469
0.010010 1.718204
16
0.946983 1.000000
0.182306 1.021955
0.691332 1.028623
0.182306 1.037567
0.182306 1.042934
0.323305 1.044235
0.327370 1.046349
0.182306 1.049764
0.182306 1.103269
0.182306 1.118393
0.182306 1.207513
0.000000 1.316312
0.000000 1.371443
0.182306 1.447878
0.182306 1.466092
0.182306 1.620589
7
1.000000 1.000000
0.720750 1.132720
0.809117 1.157422
0.740961 1.247698
0.621828 1.335729
0.621828 1.605435
0.989894 1.605884
15
1.000000 1.000000
0.661603 1.022969
0.851127 1.044540
0.451237 1.103603
0.216078 1.172996
0.451237 1.188552
0.451237 1.235462
0.451237 1.249559
0.451237 1.271435
0.451237 1.286261
0.451237 1.325090
0.451237 1.334569
0.216078 1.545664
0.216078 1.624658
0.661603 1.631342
13
1.000000 1.000000
0.595544 1.052067
0.426980 1.099563
0.664545 1.108744
0.360305 1.122944
0.360305 1.183335
0.278818 1.312319
0.278818 1.400865
0.664545 1.434610
0.278818 1.434978
0.545191 1.487249
0.360305 1.493614
0.360305 1.631207
6
0.967463 1.000000
0.754660 1.013342
0.749744 1.030371
0.205079 1.083185
0.273634 1.086871
0.273634 1.091611
25
1.000000 1.000000
0.665817 1.036355
0.762701 1.037110
0.685175 1.046081
0.381492 1.050803
0.305194 1.063550
0.271483 1.070822
0.271483 1.075449
0.336166 1.087724
0.493862 1.099433
0.468178 1.128990
0.493862 1.131822
0.217092 1.133617
0.564778 1.136166
0.271483 1.137110
0.061756 1.147120
0.553447 1.172899
0.061756 1.262984
0.007365 1.296506
0.007365 1.346176
0.007365 1.431162
0.007365 1.494334
0.007365 1.506516
0.468178 1.532483
0.007365 1.671483
28
1.000000 1.000000
0.743003 1.010446
0.653140 1.057185
0.566091 1.085175
0.375787 1.100576
0.398554 1.108745
0.566091 1.128432
0.002946 1.147985
0.442480 1.149993
0.002946 1.158163
0.375787 1.170349
0.002946 1.200616
0.002946 1.222445
0.566091 1.226597
0.002946 1.299853
0.566091 1.316459
0.442480 1.319271
0.566091 1.349404
0.442480 1.366144
0.252176 1.410205
0.299183 1.415160
0.108879 1.452524
0.299183 1.498728
0.002946 1.509174
0.002946 1.532208
0.002946 1.544529
0.108879 1.571448
0.108879 1.589126
5
1.000000 1.000000
0.652809 1.043753
0.293609 1.043791
0.446743 1.335794
0.774238 1.612460
21
1.000000 1.000000
0.075952 1.002104
0.042338 1.007236
0.688494 1.010982
0.020784 1.018937
0.234373 1.022221
0.075952 1.030227
0.826645 1.036590
0.234373 1.036898
0.042338 1.039721
0.020784 1.040901
0.199425 1.042184
0.020784 1.053782
0.636714 1.055373
0.406856 1.058606
0.234373 1.060454
0.472442 1.081289
0.293441 1.349379
0.293441 1.381299
0.020784 1.530176
0.000000 1.531972
4
1.000000 1.000000
0.537774 1.058468
0.525884 1.070359
0.525884 1.337341
21
0.874208 1.000000
0.426016 1.028886
0.656044 1.041123
0.426016 1.050006
0.284942 1.053485
0.284942 1.060939
0.583489 1.069636
0.496646 1.096969
0.476829 1.118400
0.111194 1.122375
0.111194 1.127718
0.284942 1.135545
0.284942 1.190893
0.197975 1.216487
0.855386 1.304075
0.499565 1.309479
0.499565 1.333706
0.197975 1.345633
0.197975 1.448876
0.027270 1.554230
0.027270 1.599081
13
1.000000 1.000000
0.825526 1.033120
0.431039 1.092619
0.535723 1.146085
0.806482 1.155548
0.431039 1.173527
0.686657 1.200733
0.663236 1.353915
0.669860 1.361131
0.669860 1.373314
0.431039 1.582328
0.431039 1.601254
0.229004 1.720251
18
0.933594 1.000000
0.741367 1.008248
0.663777 1.031735
0.289109 1.033413
0.289109 1.053264
0.270656 1.054243
0.270656 1.078149
0.219908 1.165525
0.270656 1.206347
0.270656 1.279883
0.270656 1.304488
0.270656 1.329372
0.796589 1.338459
0.270656 1.358451
0.270656 1.475884
0.815043 1.520201
0.270656 1.534321
0.201454 1.541032
25
1.000000 1.000000
0.805371 1.004614
0.726929 1.005629
0.689000 1.047804
0.677741 1.052141
0.620063 1.054633
0.389073 1.061923
0.637135 1.070506
0.348099 1.130399
0.348099 1.140550
0.283038 1.149132
0.540882 1.150240
0.348099 1.178941
0.283038 1.185308
0.253876 1.185400
0.348099 1.191768
0.283038 1.253507
0.540882 1.253876
0.348099 1.261997
0.283038 1.270303
0.075028 1.305279
0.181986 1.315984
0.283038 1.411683
0.283038 1.435308
0.181986 1.477206
12
1.000000 1.000000
0.721134 1.000179
0.411054 1.003577
0.499598 1.030766
0.638941 1.173687
0.411054 1.298632
0.049996 1.502996
0.049996 1.538324
0.861372 1.557016
0.411054 1.574636
0.049996 1.622127
0.411054 1.643234
20
1.000000 1.000000
0.159047 1.008894
0.779839 1.023718
0.159047 1.044663
0.512051 1.080528
0.739288 1.081484
0.159047 1.089135
0.506695 1.089805
0.093726 1.117731
0.739288 1.204571
0.967578 1.288160
0.719491 1.320677
0.093726 1.356255
0.605203 1.363428
0.411534 1.367540
0.093726 1.374139
0.719491 1.564269
0.411534 1.582345
0.093726 1.652544
0.093726 1.662682
25
0.830395 1.000000
0.358382 1.027148
0.358382 1.047719
0.153373 1.063112
0.496362 1.078645
0.708088 1.099076
0.153373 1.099216
0.153373 1.124685
0.358382 1.130143
0.027148 1.143997
0.138259 1.146935
0.573608 1.156031
0.885251 1.158830
0.676742 1.158830
0.153373 1.165687
0.027148 1.199552
0.153373 1.201511
0.153373 1.236776
0.153373 1.278757
0.027148 1.359222
0.027148 1.463336
0.027148 1.521830
0.138259 1.531486
0.138259 1.560174
0.015393 1.686818
21
1.000000 1.000000
0.828465 1.025976
0.150467 1.063084
0.014245 1.072780
0.014245 1.090855
0.425664 1.102346
0.014245 1.115633
0.685300 1.143285
0.476658 1.148073
0.476658 1.155135
0.014245 1.164472
0.476658 1.249102
0.014245 1.266220
0.000000 1.293632
0.462413 1.305123
0.462413 1.340795
0.000000 1.385324
0.000000 1.514604
0.125688 1.532559
0.462413 1.577568
0.000000 1.762270
9
0.948019 1.000000
0.869904 1.076901
0.396287 1.093038
0.497251 1.093681
0.482685 1.096109
0.455980 1.100536
0.000000 1.144520
0.000000 1.155516
0.000000 1.171010
2
1.000000 1.000000
0.991545 1.468295
21
0.977380 1.000000
0.800551 1.002274
0.700497 1.039615
0.380109 1.047813
0.518820 1.053498
0.551732 1.067680
0.512656 1.123870
0.512656 1.264556
0.512656 1.268027
0.257136 1.294596
0.257136 1.317934
0.300521 1.319430
0.096703 1.411645
0.177548 1.488421
0.386392 1.492669
0.386392 1.515888
0.198552 1.516905
0.198552 1.567590
0.198552 1.582550
0.198552 1.599844
0.017114 1.777632
18
0.963660 1.000000
0.734918 1.000570
0.734918 1.004138
0.583353 1.016191
0.555859 1.022997
0.515471 1.024286
0.433107 1.029743
0.554599 1.031902
0.515471 1.066653
0.433107 1.109978
0.515471 1.158701
0.379168 1.158881
0.377908 1.159960
0.195431 1.166467
0.001259 1.269579
0.001259 1.306099
0.195431 1.316713
0.195431 1.402735
26
0.874137 1.000000
0.696011 1.007710
0.242403 1.050112
0.242403 1.067952
0.213895 1.068131
0.570238 1.070372
0.513581 1.077902
0.535186 1.079606
0.478530 1.081667
0.682564 1.086329
0.587091 1.106679
0.479426 1.134648
0.236038 1.158763
0.213895 1.170865
0.236038 1.184581
0.236038 1.194083
0.236038 1.202420
0.213895 1.216943
0.025818 1.232810
0.213895 1.243030
0.682564 1.259346
0.025818 1.271717
0.025818 1.282474
0.290453 1.367907
0.047961 1.463380
0.025818 1.660690
17
0.762058 1.000000
0.002749 1.006335
0.267587 1.011715
0.002749 1.015719
0.002749 1.024804
0.181579 1.029825
0.410735 1.033770
0.002749 1.089594
0.023788 1.124021
0.023788 1.127607
0.023788 1.141952
0.023788 1.144223
0.453948 1.227482
0.002749 1.312175
0.023788 1.383898
0.002749 1.394298
0.023788 1.437392
14
1.000000 1.000000
0.609075 1.005655
0.468320 1.024799
0.749285 1.029909
0.771495 1.033247
0.705546 1.052800
0.306309 1.087819
0.485080 1.136735
0.003815 1.189740
0.000681 1.193691
0.000681 1.224349
0.003815 1.263115
0.306309 1.401690
0.306309 1.517577
20
1.000000 1.000000
0.067618 1.034927
0.067618 1.048025
0.729954 1.056969
0.791502 1.063997
0.067618 1.077415
0.067618 1.085614
0.777659 1.089447
0.067618 1.092322
0.067618 1.101693
0.067618 1.106166
0.067618 1.124374
0.067618 1.149292
0.612075 1.219252
0.067618 1.274731
0.067618 1.275477
0.366628 1.302630
0.067618 1.382813
0.381961 1.637845
0.381961 1.752529
20
1.000000 1.000000
0.598386 1.007552
0.435651 1.019967
0.587523 1.046658
0.201117 1.049555
0.402442 1.075729
0.694496 1.106042
0.578833 1.128905
0.402442 1.197393
0.534244 1.217049
0.201117 1.245086
0.201117 1.250672
0.118870 1.271674
0.118870 1.283364
0.435651 1.286468
0.201117 1.295779
0.074281 1.312642
0.118870 1.400062
0.435651 1.410718
0.201117 1.557521
22
0.920706 1.000000
0.610695 1.012910
0.603865 1.016325
0.766450 1.017491
0.514160 1.029235
0.772281 1.049725
0.225471 1.111528
0.225471 1.113110
0.618357 1.120690
0.478844 1.142512
0.296269 1.144511
0.225471 1.151258
0.482925 1.177661
0.135432 1.194819
0.135432 1.264035
0.000000 1.292021
0.225471 1.301349
0.225471 1.310095
0.225471 1.413876
0.100450 1.421289
0.225471 1.510078
0.000000 1.575629
13
1.000000 1.000000
0.721211 1.005245
0.664468 1.014225
0.599221 1.036796
0.266789 1.043392
0.717794 1.054756
0.266789 1.075976
0.266789 1.086704
0.266789 1.103076
0.126043 1.174283
0.553922 1.353095
0.077565 1.421839
0.077565 1.488675
13
0.956804 1.000000
0.740923 1.007380
0.616452 1.033651
0.544229 1.066319
0.690446 1.099970
0.583588 1.101643
0.544229 1.128407
0.373020 1.262127
0.199744 1.265473
0.511070 1.404113
0.199744 1.427433
0.571091 1.430286
0.166585 1.504280
19
1.000000 1.000000
0.584104 1.034099
0.390423 1.039002
0.526487 1.043720
0.637741 1.044236
0.390423 1.050319
0.770598 1.052273
0.695469 1.110443
0.524090 1.151104
0.353891 1.249567
0.673056 1.288384
0.341320 1.300070
0.353891 1.301839
0.174144 1.331699
0.332805 1.338740
0.182512 1.354997
0.174144 1.407380
0.332805 1.434844
0.375714 1.501567
6
1.000000 1.000000
0.362329 1.084112
0.634076 1.086988
0.362329 1.514019
0.584472 1.540618
0.294033 1.593099
18
0.879428 1.000000
0.588378 1.007354
0.560353 1.016725
0.247377 1.021881
0.466012 1.027128
0.560353 1.046408
0.247377 1.049592
0.492557 1.158237
0.382073 1.209443
0.219353 1.250022
0.219353 1.258856
0.219353 1.262577
0.219353 1.279975
0.219353 1.333064
0.219353 1.391490
0.382073 1.452650
0.382073 1.497579
0.382073 1.526141
22
0.926566 1.000000
0.196301 1.000440
0.160960 1.002312
0.635363 1.016404
0.000000 1.055929
0.000000 1.056479
0.649345 1.074755
0.779148 1.078278
0.000000 1.085434
0.000000 1.089838
0.000000 1.117692
0.000000 1.134647
0.648134 1.193108
0.000000 1.208962
0.441814 1.244303
0.000000 1.297259
0.441814 1.345591
0.000000 1.500275
0.648134 1.569636
0.000000 1.596279
0.648134 1.643290
0.000000 1.654299
13
0.970166 1.000000
0.610408 1.005458
0.528271 1.060834
0.596895 1.130783
0.368767 1.136559
0.055588 1.137778
0.055588 1.173494
0.055588 1.177733
0.048169 1.279158
0.414816 1.402787
0.048169 1.411743
0.327381 1.530073
0.327381 1.665730
13
1.000000 1.000000
0.783980 1.004770
0.456511 1.061269
0.303928 1.072296
0.369657 1.075951
0.758208 1.081960
0.303928 1.092554
0.300211 1.119192
0.210259 1.208896
0.303928 1.279581
0.020815 1.422562
0.020815 1.474662
0.020815 1.754120
18
1.000000 1.000000
0.377454 1.005507
0.712330 1.005786
0.682841 1.025938
0.079689 1.035874
0.598603 1.049960
0.275180 1.052873
0.079689 1.097167
0.180008 1.111293
0.277135 1.134956
0.254549 1.172107
0.079689 1.184637
0.079689 1.195571
0.724820 1.243974
0.094214 1.398723
0.724820 1.593615
0.437151 1.598284
0.094214 1.634717
12
0.756433 1.000000
0.500272 1.035883
0.500272 1.040776
0.247010 1.063610
0.247010 1.145342
0.247010 1.191011
0.547300 1.278543
0.547300 1.302465
0.500272 1.405401
0.247010 1.420442
0.247010 1.480700
0.500272 1.755799
18
0.956704 1.000000
0.777723 1.011389
0.713663 1.016693
0.354303 1.061840
0.422598 1.100325
0.183340 1.108343
0.661979 1.109576
0.354303 1.119938
0.031208 1.140578
0.183340 1.169195
0.031208 1.211916
0.031208 1.213478
0.354303 1.229061
0.031208 1.229431
0.354303 1.246166
0.234036 1.291518
0.183340 1.481847
0.234036 1.497554
11
0.745409 1.000000
0.196251 1.003252
0.002678 1.030796
0.002678 1.052219
0.002678 1.131982
0.002678 1.155318
0.002678 1.293803
0.584545 1.398623
0.002678 1.415838
0.625861 1.527735
0.002678 1.547628
17
0.940910 1.000000
0.795773 1.000870
0.726324 1.001701
0.160901 1.007183
0.750293 1.007939
0.239651 1.010964
0.415788 1.045027
0.160901 1.049185
0.446713 1.102529
0.160901 1.121848
0.411327 1.159843
0.189256 1.258743
0.160901 1.362784
0.160901 1.382708
0.160901 1.459075
0.160901 1.608521
0.153869 1.747911
10
1.000000 1.000000
0.467501 1.046512
0.549195 1.161598
0.636852 1.189624
0.636852 1.351819
0.164580 1.372093
0.467501 1.400716
0.186047 1.496720
0.186047 1.651163
0.164580 1.674419
12
0.832641 1.000000
0.304178 1.026386
0.304178 1.036648
0.447838 1.062302
0.304178 1.161495
0.304178 1.165404
0.845346 1.338138
0.034938 1.522844
0.034938 1.544833
0.304178 1.619594
0.304178 1.623504
0.034938 1.689958
17
0.995802 1.000000
0.803935 1.000087
0.798076 1.008045
0.666550 1.013467
0.583384 1.018277
0.077481 1.029471
0.077481 1.031920
0.077481 1.039965
0.579624 1.067512
0.077481 1.147355
0.731613 1.168693
0.077481 1.333537
0.000000 1.390555
0.583384 1.405072
0.000000 1.423612
0.077481 1.513599
0.077481 1.700481
18
0.766716 1.000000
0.708984 1.003829
0.603829 1.045066
0.190280 1.049190
0.836819 1.099558
0.341973 1.105155
0.447128 1.108984
0.840648 1.150515
0.758763 1.174080
0.190280 1.219440
0.488954 1.252430
0.341973 1.260088
0.190280 1.333137
0.941384 1.389691
0.000000 1.397644
0.190280 1.529602
0.190280 1.623859
0.341973 1.684536
15
0.894836 1.000000
0.592590 1.100907
0.680331 1.100985
0.735120 1.111628
0.562948 1.127946
0.591171 1.146472
0.521324 1.164052
0.521324 1.193851
0.413244 1.236106
0.246827 1.302247
0.246827 1.340402
0.246827 1.403626
0.246827 1.502010
0.246827 1.541742
0.246827 1.794797
15
1.000000 1.000000
0.676404 1.009121
0.733377 1.018374
0.586781 1.048909
0.371580 1.059749
0.194977 1.076404
0.465301 1.096233
0.733377 1.115268
0.465301 1.150165
0.093457 1.179643
0.465301 1.242961
0.093457 1.280899
0.093457 1.368011
0.465301 1.389689
0.000000 1.484864
3
1.000000 1.000000
0.700338 1.001648
0.482080 1.063648
14
1.000000 1.000000
0.807179 1.014524
0.559098 1.035893
0.311686 1.037897
0.311686 1.066778
0.484307 1.089482
0.112020 1.095826
0.245910 1.115192
0.686811 1.147579
0.245910 1.211686
0.245910 1.223706
0.245910 1.389649
0.245910 1.464608
0.245910 1.568114
27
0.923148 1.000000
0.731338 1.004591
0.687540 1.014140
0.731338 1.014324
0.552750 1.092921
0.669544 1.096226
0.552750 1.114131
0.475898 1.123405
0.496924 1.144982
0.552750 1.149206
0.334772 1.149757
0.334772 1.152236
0.392342 1.157470
0.217978 1.158388
0.334772 1.158663
0.278946 1.167661
0.000000 1.193462
0.278946 1.198788
0.000000 1.201543
0.000000 1.218713
0.099440 1.219815
0.000000 1.234414
0.000000 1.372877
0.000000 1.386190
0.000000 1.651455
0.000000 1.691029
0.000000 1.723258
23
1.000000 1.000000
0.802168 1.022034
0.553716 1.047284
0.828013 1.048118
0.614221 1.053954
0.553716 1.095164
0.323249 1.103144
0.614221 1.103144
0.399476 1.107313
0.323249 1.125298
0.733325 1.142449
0.169009 1.186875
0.245712 1.213078
0.169009 1.237256
0.289543 1.250715
0.469986 1.259171
0.245712 1.263101
0.271915 1.326465
0.091472 1.359576
0.469986 1.409719
0.026203 1.446403
0.091472 1.513578
0.026203 1.623988
26
0.936430 1.000000
0.669947 1.007020
0.517221 1.007938
0.501017 1.011021
0.167684 1.032933
0.501017 1.033196
0.167684 1.033392
0.294365 1.037853
0.294365 1.040346
0.550876 1.041790
0.517221 1.045004
0.390540 1.047563
0.459818 1.052483
0.078462 1.058978
0.000000 1.102801
0.336876 1.162173
0.078462 1.163091
0.633734 1.177196
0.137571 1.178967
0.078462 1.204094
0.000000 1.288526
0.137571 1.334121
0.000000 1.395788
0.000000 1.418750
0.092370 1.474578
0.000000 1.510136
13
1.000000 1.000000
0.233189 1.030767
0.233189 1.075851
0.233189 1.076232
0.233189 1.085371
0.233189 1.099383
0.077907 1.116366
0.722565 1.161907
0.547864 1.221385
0.077907 1.282004
0.307974 1.329069
0.133272 1.361282
0.030081 1.512756
12
0.602447 1.000000
0.286197 1.179142
0.697368 1.204895
0.410659 1.210373
0.311847 1.352908
0.485101 1.361151
0.311847 1.413373
0.403952 1.423510
0.311847 1.553912
0.311847 1.574084
0.311847 1.655591
0.311847 1.673203
11
1.000000 1.000000
0.749064 1.227840
0.819392 1.261340
0.849771 1.327507
0.549730 1.370370
0.897004 1.450895
0.893258 1.508115
0.549730 1.559509
0.549730 1.629838
0.403662 1.746775
0.549730 1.780691
6
0.991148 1.000000
0.415644 1.117862
0.415644 1.120556
0.415644 1.173811
0.415644 1.241401
0.509068 1.296002
9
1.000000 1.000000
0.050210 1.014535
0.112432 1.016697
0.590631 1.017297
0.650090 1.028589
0.050210 1.086967
0.753393 1.298859
0.753393 1.346186
0.753393 1.621021
9
0.877660 1.000000
0.602515 1.275145
0.877660 1.352031
0.877660 1.359768
0.877660 1.398453
0.935203 1.418279
0.590426 1.502418
0.228723 1.655222
0.228723 1.722437
12
0.987609 1.000000
0.081427 1.014751
0.023143 1.047761
0.081427 1.050285
0.081427 1.054284
0.081427 1.056350
0.023143 1.090474
0.023143 1.144726
0.081427 1.209729
0.023143 1.430637
0.711368 1.539074
0.699239 1.677145
10
1.000000 1.000000
0.603025 1.056601
0.540924 1.092024
0.461276 1.124697
0.729868 1.125743
0.461276 1.129593
0.411001 1.137019
0.441859 1.285259
0.421507 1.316282
0.031408 1.717877
18
1.000000 1.000000
0.179047 1.014119
0.684083 1.025719
0.121403 1.040378
0.383903 1.042176
0.383903 1.084532
0.121403 1.091817
0.507734 1.094424
0.121403 1.124281
0.326619 1.148921
0.326619 1.201439
0.226079 1.221313
0.000000 1.389119
0.065108 1.454766
0.226079 1.514838
0.226079 1.525000
0.187320 1.550450
0.121403 1.589748
16
0.983007 1.000000
0.633792 1.002259
0.411917 1.006668
0.633792 1.046892
0.260163 1.058507
0.119703 1.079372
0.119703 1.115509
0.539793 1.118843
0.119703 1.132394
0.119703 1.132932
0.465799 1.158098
0.383201 1.159819
0.119703 1.203807
0.119703 1.301248
0.157991 1.325016
0.309206 1.549903
10
1.000000 1.000000
0.754368 1.004038
0.742454 1.013193
0.661296 1.040579
0.004997 1.057130
0.004997 1.057970
0.004997 1.121697
0.004997 1.149402
0.004997 1.160836
0.683684 1.604086
1
1.000000 1.000000
16
0.952450 1.000000
0.749209 1.004545
0.718647 1.058114
0.688838 1.100868
0.581763 1.158418
0.624173 1.170830
0.541015 1.207253
0.476476 1.225872
0.073191 1.235777
0.073191 1.275554
0.073191 1.276588
0.436135 1.291070
0.073191 1.292449
0.063505 1.316647
0.016958 1.426135
0.016958 1.631508
19
1.000000 1.000000
0.243168 1.043539
0.698935 1.056276
0.506716 1.066003
0.057434 1.068550
0.243168 1.081288
0.674155 1.106762
0.600973 1.136637
0.243168 1.138722
0.057434 1.169060
0.057434 1.182955
0.057434 1.205419
0.600973 1.245484
0.658638 1.312413
0.057434 1.351320
0.600973 1.374247
0.600973 1.522464
0.600973 1.560213
0.600973 1.779528
22
0.919744 1.000000
0.171044 1.001600
0.171044 1.002000
0.566324 1.002533
0.679909 1.005466
0.597520 1.013598
0.307159 1.014931
0.028796 1.064391
0.171044 1.067324
0.588722 1.107719
0.606852 1.176376
0.192508 1.179043
0.144247 1.201173
0.028796 1.234235
0.028796 1.285562
0.028796 1.343821
0.476736 1.417544
0.476736 1.431543
0.476736 1.494201
0.028796 1.520731
0.192508 1.551926
0.028796 1.555659
22
0.924749 1.000000
0.743342 1.050754
0.563693 1.105905
0.390704 1.108794
0.700126 1.118719
0.269724 1.126759
0.390704 1.132035
0.533920 1.140704
0.029648 1.158668
0.456030 1.165704
0.251131 1.183040
0.029648 1.217588
0.251131 1.223618
0.029648 1.240955
0.029648 1.242588
0.251131 1.248492
0.029648 1.333543
0.002513 1.363442
0.029648 1.386307
0.251131 1.400000
0.251131 1.426759
0.251131 1.526884
15
1.000000 1.000000
0.571984 1.025918
0.656143 1.030657
0.680001 1.031997
0.680001 1.052620
0.701441 1.105174
0.478086 1.147139
0.548452 1.152499
0.425270 1.181881
0.396608 1.220577
0.478086 1.306762
0.273425 1.316306
0.221786 1.327875
0.562604 1.400693
0.134588 1.718240
7
1.000000 1.000000
0.830220 1.025946
0.000000 1.031152
0.088921 1.047315
0.088921 1.048197
0.728074 1.078467
0.630337 1.116840
9
1.000000 1.000000
0.000000 1.043692
0.330388 1.161512
0.769759 1.173785
0.518900 1.200786
0.621011 1.272950
1.000000 1.407462
0.000000 1.470299
0.000000 1.554737
16
0.969566 1.000000
0.495524 1.011786
0.704759 1.027077
0.674176 1.041698
0.312099 1.093764
0.352976 1.111368
0.406609 1.116217
0.709981 1.116515
0.312099 1.147248
0.005744 1.155378
0.005744 1.165672
0.352976 1.177905
0.312099 1.214307
0.312099 1.218261
0.005744 1.568178
0.004774 1.572281
7
0.824687 1.000000
0.661896 1.049195
0.080501 1.296959
0.000000 1.313059
0.581395 1.502683
0.000000 1.556351
0.726297 1.559928
19
1.000000 1.000000
0.755138 1.029953
0.038012 1.129617
0.038012 1.144392
0.558496 1.156347
0.747482 1.194627
0.038012 1.200269
0.602821 1.205910
0.263130 1.206850
0.038012 1.218939
0.038012 1.321155
0.038012 1.399731
0.038012 1.407656
0.000000 1.467831
0.263130 1.478039
0.140497 1.484486
0.140497 1.526931
0.140497 1.537139
0.038012 1.584285
20
0.905903 1.000000
0.579838 1.065547
0.452018 1.077530
0.579838 1.102151
0.579838 1.114036
0.579838 1.135939
0.579838 1.149691
0.563894 1.153620
0.500344 1.233638
0.500344 1.259503
0.500344 1.269129
0.578889 1.317912
0.500344 1.341355
0.080182 1.391383
0.828733 1.463019
0.353043 1.516518
0.064237 1.583931
0.064237 1.605343
0.203811 1.612481
0.203811 1.779098
14
1.000000 1.000000
0.749314 1.074870
0.768070 1.076548
0.711650 1.126106
0.749314 1.182678
0.413236 1.235895
0.393108 1.275846
0.393108 1.328911
0.691522 1.354834
0.393108 1.376182
0.393108 1.376487
0.233913 1.435651
0.393108 1.463861
0.393108 1.620159
