5
0.995192 1.000000
0.028365 1.023904
0.173576 1.036640
0.028365 1.141892
0.787952 1.284683
0
3
0.994223 1.000000
0.404982 1.054563
0.254753 1.413974
1
0.991503 1.000000
2
1.000000 1.000000
0.035826 1.440173
1
0.999520 1.000000
1
0.999275 1.000000
1
0.997899 1.000000
3
0.937249 1.000000
0.276420 1.029007
0.048948 1.356957
7
0.996410 1.000000
0.090769 1.101277
0.090769 1.152479
0.090769 1.198056
0.455564 1.211435
0.751406 1.226481
0.090769 1.234124
5
0.978635 1.000000
0.502701 1.216537
0.371729 1.225473
0.563910 1.227467
0.502701 1.238315
0
0
2
0.977462 1.000000
0.614003 1.251512
1
0.997548 1.000000
3
0.991909 1.000000
0.109807 1.051114
0.025899 1.306339
2
1.000000 1.000000
1.000000 1.000000
5
0.994833 1.000000
0.388012 1.211652
0.512107 1.219627
0.574190 1.230712
0.009609 1.649719
6
0.988851 1.000000
0.491713 1.123759
0.011659 1.321262
0.011659 1.334559
0.011659 1.344407
0.011659 1.366152
3
1.000000 1.000000
0.644083 1.287107
0.000000 1.331526
3
0.999115 1.000000
0.610413 1.013593
0.704253 1.026859
3
0.995851 1.000000
0.818416 1.079443
0.651645 1.180470
6
0.875693 1.000000
0.385202 1.224972
0.448932 1.236546
0.385202 1.247840
0.299349 1.321233
0.448932 1.328351
2
0.988746 1.000000
0.684859 1.280170
3
1.000000 1.000000
0.605472 1.296105
0.791411 1.706954
2
0.965836 1.000000
0.538282 1.156411
3
0.998651 1.000000
0.106418 1.051701
0.003579 1.260290
5
0.999544 1.000000
0.203827 1.254179
0.155299 1.490892
0.645124 1.492544
0.645124 1.497696
8
0.901010 1.000000
0.547987 1.064703
0.111091 1.246307
0.806407 1.528246
0.018900 1.540230
0.018900 1.560607
0.018900 1.657218
0.018900 1.756187
1
0.988744 1.000000
2
0.380223 1.046358
0.016649 1.066130
6
0.996115 1.000000
0.036531 1.035443
0.036531 1.061556
0.036531 1.069500
0.154978 1.245781
0.701167 1.301375
4
0.730554 1.000000
0.641849 1.196509
0.256178 1.211674
0.032336 1.594460
3
0.926175 1.000000
0.093848 1.048740
0.078605 1.285840
4
0.996072 1.000000
0.596630 1.648921
0.596630 1.648921
0.596630 1.741494
1
1.000000 1.000000
3
0.992519 1.000000
0.176917 1.047261
0.083883 1.273854
2
0.997844 1.000000
0.624443 1.075459
4
1.000000 1.000000
0.098858 1.004739
0.002761 1.127301
0.002761 1.142778
4
0.999099 1.000000
0.728928 1.026919
0.069003 1.029961
0.276121 1.258553
3
0.999552 1.000000
0.196293 1.230715
0.184644 1.265245
5
0.996249 1.000000
0.672160 1.011998
0.555561 1.059973
0.241884 1.107461
0.241884 1.129394
2
0.955509 1.000000
0.690024 1.324667
3
0.964058 1.000000
0.937848 1.000000
0.476893 1.390947
3
1.000000 1.000000
0.614212 1.078052
0.002534 1.558067
8
0.997048 1.000000
0.629653 1.042115
0.558440 1.073433
0.558440 1.073433
0.780852 1.100130
0.689138 1.101953
0.584930 1.494493
0.584930 1.511417
6
0.999468 1.000000
0.002943 1.012094
0.160599 1.064234
0.002943 1.067087
0.525216 1.170702
0.663935 1.208860
7
0.991858 1.000000
0.246024 1.315803
0.337940 1.332215
0.246024 1.348505
0.246024 1.362927
0.337940 1.464457
0.337940 1.508408
6
0.999504 1.000000
0.394334 1.030192
0.394334 1.030192
0.500955 1.045103
0.394334 1.082413
0.548741 1.161331
5
0.999175 1.000000
0.659411 1.061012
0.659411 1.143422
0.138291 1.463784
0.037928 1.484649
6
0.945014 1.000000
0.469051 1.217772
0.329266 1.227110
0.530741 1.228975
0.469051 1.239908
0.530741 1.317842
1
0.784289 1.000000
3
0.998520 1.000000
0.192131 1.015008
0.192131 1.269372
3
0.993442 1.000000
0.517488 1.064797
0.517488 1.127517
2
0.994619 1.000000
0.477692 1.314705
5
0.996162 1.000000
0.996499 1.000000
0.664526 1.012277
0.545213 1.061369
0.423388 1.399809
2
1.000000 1.000000
0.371703 1.304914
2
0.873820 1.000000
0.008126 1.573184
4
0.996016 1.000000
0.270770 1.006912
0.203139 1.086772
0.136385 1.100296
3
0.996291 1.000000
0.580905 1.020608
0.484923 1.038840
2
0.909088 1.000000
0.527691 1.233697
2
0.999266 1.000000
0.021150 1.315153
5
0.990252 1.000000
0.671506 1.017190
0.008357 1.136490
0.008357 1.191072
0.008357 1.239512
4
0.998057 1.000000
0.138902 1.020453
0.738615 1.046471
0.026871 1.198280
3
0.998633 1.000000
0.260674 1.009781
0.173967 1.139386
5
0.967345 1.000000
0.533868 1.197220
0.589617 1.207175
0.429378 1.236951
0.429378 1.236951
5
0.997837 1.000000
0.371505 1.031074
0.371505 1.031074
0.226781 1.058564
0.005427 1.220370
1
0.970338 1.000000
1
0.248363 1.216207
3
0.995819 1.000000
0.047076 1.192045
0.424317 1.211192
3
0.774050 1.000000
0.353633 1.233481
0.690525 1.452340
4
0.909439 1.000000
0.550049 1.164841
0.515271 1.321421
0.041965 1.607610
10
0.996559 1.000000
0.101875 1.001167
0.759373 1.012791
0.101875 1.013792
0.101875 1.041849
0.101875 1.046088
0.534005 1.138621
0.704899 1.584691
0.704899 1.644791
0.704899 1.653225
1
0.993170 1.000000
0
1
0.997953 1.000000
4
0.996711 1.000000
0.684810 1.011535
0.572711 1.057659
0.572711 1.113058
2
0.999880 1.000000
0.177660 1.471743
7
1.000000 1.000000
0.554289 1.103910
0.022000 1.106816
0.022000 1.109702
0.554289 1.174871
0.823983 1.388404
0.626731 1.444817
2
0.994929 1.000000
0.754332 1.087874
3
0.997932 1.000000
0.780164 1.285458
0.405727 1.697034
6
0.999481 1.000000
0.696509 1.010595
0.450483 1.021410
0.666652 1.031825
0.499094 1.094641
0.107292 1.269505
6
1.000000 1.000000
0.001923 1.170027
0.314287 1.268802
0.314287 1.321903
0.001923 1.390282
0.001923 1.550744
9
0.996198 1.000000
0.434345 1.144912
0.434345 1.199471
0.540976 1.252178
0.306834 1.370306
0.296308 1.449580
0.554462 1.478495
0.554462 1.478495
0.306834 1.478579
1
0.967634 1.000000
1
0.897701 1.000000
7
0.899975 1.000000
0.453064 1.203334
0.322547 1.212053
0.510664 1.213794
0.453064 1.224002
0.510664 1.296770
0.076904 1.575501
1
0.987831 1.000000
1
0.989720 1.000000
1
0.922389 1.000000
1
0.915330 1.000000
4
0.992323 1.000000
0.241917 1.087344
0.568940 1.332358
0.564542 1.446583
4
0.993707 1.000000
0.368229 1.023156
0.752712 1.076494
0.657368 1.101769
5
0.992983 1.000000
0.034374 1.244195
0.034374 1.255563
0.034374 1.266656
0.034374 1.345734
4
0.996361 1.000000
0.101926 1.031920
0.101926 1.163449
0.028140 1.247292
7
0.992807 1.000000
0.043949 1.020413
0.617462 1.051532
0.043949 1.058210
0.043949 1.152643
0.017516 1.290932
0.017516 1.378495
6
0.999558 1.000000
0.499300 1.079125
0.499300 1.134006
0.148351 1.264379
0.148351 1.324667
0.148351 1.324667
4
0.995725 1.000000
0.475140 1.233927
0.454661 1.237836
0.461335 1.264435
0
1
0.918246 1.000000
