7
0.898214 1.000000
0.529200 1.117020
0.383872 1.249398
0.012231 1.377147
0.012231 1.407864
0.012231 1.472145
0.012231 1.622885
7
0.937339 1.000000
0.674598 1.024787
0.409875 1.073369
0.386476 1.107277
0.392425 1.168550
0.018640 1.182828
0.386476 1.311719
7
0.829594 1.000000
0.240578 1.010678
0.545047 1.040022
0.195621 1.254756
0.056353 1.268126
0.195621 1.289304
0.056353 1.684314
5
1.000000 1.000000
0.095772 1.057871
0.732414 1.113643
0.706207 1.281679
0.706207 1.281679
2
1.000000 1.000000
0.585801 1.089400
3
0.917674 1.000000
0.677489 1.123658
0.488045 1.132489
7
0.988576 1.000000
0.390154 1.014748
0.096310 1.022364
0.096310 1.022364
0.365021 1.131205
0.096310 1.161947
0.084470 1.334418
1
0.348153 1.007978
3
0.942200 1.000000
0.940194 1.000000
0.561072 1.024988
4
0.708282 1.000000
0.242013 1.013220
0.242013 1.045088
0.233844 1.562087
5
0.768947 1.000000
0.021716 1.031291
0.103261 1.033857
0.372364 1.041867
0.261218 1.049315
8
0.011938 1.012558
0.518760 1.086822
0.298450 1.104806
0.203721 1.178605
0.011938 1.284031
0.203721 1.360000
0.203721 1.628372
0.057209 1.773953
4
0.984561 1.000000
0.687496 1.025264
0.429121 1.074998
0.240068 1.630500
9
1.000000 1.000000
0.002286 1.139529
0.313346 1.167223
0.002286 1.167663
0.002286 1.167663
0.002286 1.167663
0.002286 1.249516
0.478899 1.333744
0.002286 1.686214
1
1.000000 1.000000
6
0.902767 1.000000
0.727544 1.009222
0.699078 1.020950
0.273415 1.051868
0.273415 1.067701
0.000853 1.375766
1
1.000000 1.000000
1
0.964784 1.000000
8
0.679238 1.000000
0.178530 1.007337
0.281890 1.143133
0.095765 1.257691
0.092676 1.461707
0.092676 1.586691
0.095765 1.696615
0.092676 1.767409
5
1.000000 1.000000
0.798946 1.004044
0.331353 1.221413
0.142403 1.423444
0.142403 1.553129
3
0.699504 1.000000
0.420881 1.072293
0.197952 1.438101
3
0.907647 1.000000
0.272798 1.340610
0.085637 1.456859
9
0.915471 1.000000
0.504867 1.040471
0.244109 1.068391
0.075820 1.097080
0.020492 1.189805
0.020492 1.236680
0.105789 1.328893
0.105789 1.647541
0.105789 1.797643
5
0.959822 1.000000
0.617689 1.003771
0.528077 1.060267
0.385944 1.116352
0.010010 1.304902
7
0.946983 1.000000
0.182306 1.021955
0.182306 1.037567
0.323305 1.044235
0.182306 1.103269
0.000000 1.316312
0.182306 1.466092
2
0.989894 1.000000
0.621828 1.335729
4
1.000000 1.000000
0.451237 1.103603
0.451237 1.103603
0.216078 1.545664
4
1.000000 1.000000
0.664545 1.108744
0.360305 1.122944
0.278818 1.312319
3
0.967463 1.000000
0.754660 1.013342
0.205079 1.083185
6
0.879887 1.000000
0.381492 1.050803
0.271483 1.070822
0.271483 1.075449
0.271483 1.075449
0.217092 1.133617
8
1.000000 1.000000
0.398554 1.108745
0.002946 1.147985
0.002946 1.158163
0.442480 1.319271
0.299183 1.415160
0.299183 1.498728
0.108879 1.589126
2
0.995219 1.000000
0.652809 1.043753
6
1.000000 1.000000
0.075952 1.002104
0.042338 1.007236
0.020784 1.018937
0.234373 1.022221
0.075952 1.030227
3
0.992248 1.000000
0.537774 1.058468
0.525884 1.312048
8
0.966952 1.000000
0.426016 1.028886
0.656044 1.041123
0.284942 1.060939
0.583489 1.069636
0.476829 1.118400
0.284942 1.135545
0.284942 1.750963
3
1.000000 1.000000
0.431039 1.092619
0.669860 1.361131
10
0.933594 1.000000
0.289109 1.033413
0.219908 1.165525
0.489725 1.214735
0.270656 1.279883
0.270656 1.279883
0.270656 1.329372
0.219908 1.414372
0.270656 1.475884
0.219908 1.701943
9
1.000000 1.000000
0.348099 1.130399
0.283038 1.149132
0.348099 1.178941
0.283038 1.185308
0.283038 1.253507
0.181986 1.315984
0.181986 1.315984
0.283038 1.411683
6
1.000000 1.000000
0.411054 1.003577
0.049996 1.502996
0.049996 1.530453
0.049996 1.538324
0.049996 1.622127
8
1.000000 1.000000
0.159047 1.008894
0.739288 1.081484
0.719491 1.320677
0.093726 1.356255
0.719491 1.564269
0.093726 1.652544
0.093726 1.662682
8
0.721662 1.000000
0.358382 1.027148
0.153373 1.063112
0.496362 1.078645
0.138259 1.146935
0.027148 1.199552
0.027148 1.464456
0.138259 1.719423
6
0.743356 1.000000
0.014245 1.072780
0.014245 1.090855
0.125688 1.532559
0.014245 1.544769
0.125688 1.626766
7
0.948019 1.000000
0.396287 1.093038
0.497251 1.093681
0.482685 1.096109
0.000000 1.144520
0.396287 1.206355
0.396287 1.237130
2
1.000000 1.000000
0.991545 1.468295
4
1.000000 1.000000
0.700497 1.039615
0.512656 1.123870
0.512656 1.268027
5
0.909391 1.000000
0.734918 1.000570
0.555859 1.022997
0.515471 1.024286
0.554599 1.031902
6
0.926042 1.000000
0.570238 1.070372
0.478530 1.081667
0.236038 1.184581
0.236038 1.194083
0.025818 1.390139
5
0.641444 1.000000
0.002749 1.006335
0.002749 1.006335
0.267587 1.011715
0.002749 1.015719
1
0.991961 1.000000
8
1.000000 1.000000
0.067618 1.034927
0.067618 1.048025
0.067618 1.092322
0.612075 1.219252
0.067618 1.424236
0.381961 1.637845
0.381961 1.752529
3
1.000000 1.000000
0.435651 1.019967
0.118870 1.271674
7
0.843578 1.000000
0.603865 1.016325
0.514160 1.029235
0.478844 1.142512
0.296269 1.144511
0.135432 1.194819
0.000000 1.575629
6
1.000000 1.000000
0.266789 1.043392
0.266789 1.086704
0.266789 1.103076
0.553922 1.353095
0.553922 1.353095
9
0.956804 1.000000
0.956804 1.000000
0.373020 1.262127
0.199744 1.265473
0.199744 1.427433
0.571091 1.430286
0.166585 1.504280
0.634163 1.504871
0.373020 1.793073
7
1.000000 1.000000
0.584104 1.034099
0.526487 1.043720
0.637741 1.044236
0.341320 1.300070
0.375714 1.501567
0.192944 1.756294
2
0.362329 1.084112
0.634076 1.086988
6
0.891445 1.000000
0.588378 1.007354
0.219353 1.250022
0.219353 1.258856
0.219353 1.333064
0.219353 1.391490
8
0.926566 1.000000
0.196301 1.000440
0.160960 1.002312
0.000000 1.055929
0.000000 1.085434
0.000000 1.089838
0.441814 1.345591
0.000000 1.612573
4
0.368237 1.000000
0.361348 1.136559
0.048169 1.137778
0.048169 1.411743
5
0.937616 1.000000
0.456511 1.061269
0.303928 1.072296
0.369657 1.075951
0.210259 1.208896
8
1.000000 1.000000
0.377454 1.005507
0.712330 1.005786
0.079689 1.035874
0.275180 1.052873
0.180008 1.111293
0.079689 1.195571
0.079689 1.648962
6
0.823940 1.000000
0.500272 1.035883
0.500272 1.040776
0.247010 1.145342
0.247010 1.420442
0.247010 1.480700
5
0.922043 1.000000
0.713663 1.016693
0.031208 1.140578
0.031208 1.213478
0.354303 1.229061
6
0.625861 1.000000
0.002678 1.030796
0.002678 1.155318
0.002678 1.415838
0.233359 1.597743
0.002678 1.667368
4
0.969340 1.000000
0.160901 1.007183
0.160901 1.362784
0.160901 1.395373
4
1.000000 1.000000
0.549195 1.161598
0.164580 1.372093
0.164580 1.669052
5
0.685805 1.000000
0.304178 1.026386
0.304178 1.036648
0.034938 1.522844
0.034938 1.689958
7
0.995802 1.000000
0.798076 1.008045
0.666550 1.013467
0.077481 1.029471
0.077481 1.039965
0.077481 1.333537
0.077481 1.700481
6
0.941384 1.000000
0.190280 1.049190
0.341973 1.105155
0.190280 1.333137
0.341973 1.646539
0.190280 1.704566
9
0.934017 1.000000
0.934017 1.000000
0.592590 1.100907
0.680331 1.100985
0.562948 1.127946
0.413244 1.236106
0.421600 1.305006
0.246827 1.340402
0.246827 1.602286
10
1.000000 1.000000
0.676404 1.009121
0.733377 1.018374
0.586781 1.048909
0.371580 1.059749
0.093457 1.179643
0.093457 1.280899
0.093457 1.368011
0.643358 1.536682
0.093457 1.736286
2
0.981256 1.000000
0.700338 1.001648
7
1.000000 1.000000
0.807179 1.014524
0.311686 1.037897
0.484307 1.089482
0.245910 1.115192
0.245910 1.223706
0.245910 1.464775
5
1.000000 1.000000
0.731338 1.004591
0.334772 1.158663
0.278946 1.167661
0.000000 1.193462
12
1.000000 1.000000
0.553716 1.047284
0.828013 1.048118
0.323249 1.103144
0.733325 1.142449
0.289543 1.250715
0.469986 1.259171
0.271915 1.326465
0.091472 1.359576
0.469986 1.409719
0.469986 1.490948
0.091472 1.513578
9
0.949026 1.000000
0.669947 1.007020
0.517221 1.007938
0.501017 1.011021
0.167684 1.032933
0.501017 1.033196
0.078462 1.058978
0.000000 1.288526
0.000000 1.418750
3
1.000000 1.000000
0.233189 1.030767
0.547864 1.221385
2
0.697368 1.000000
0.410659 1.210373
2
1.000000 1.000000
0.549730 1.370370
3
0.953288 1.000000
0.415644 1.117862
0.609900 1.124597
4
1.000000 1.000000
0.050210 1.014535
0.590631 1.017297
0.382823 1.455015
4
0.877660 1.000000
0.602515 1.275145
0.590426 1.502418
0.228723 1.655222
5
1.000000 1.000000
0.081427 1.014751
0.023143 1.047761
0.023143 1.090474
0.023143 1.144726
5
1.000000 1.000000
0.540924 1.092024
0.540924 1.092024
0.540924 1.583938
0.031408 1.717877
7
1.000000 1.000000
0.179047 1.014119
0.121403 1.091817
0.326619 1.148921
0.326619 1.201439
0.226079 1.514838
0.226079 1.643795
8
0.993655 1.000000
0.993655 1.000000
0.633792 1.002259
0.411917 1.006668
0.411917 1.006668
0.633792 1.046892
0.119703 1.115509
0.383201 1.333620
4
1.000000 1.000000
0.321313 1.052533
0.004997 1.057970
0.004997 1.121697
1
1.000000 1.000000
4
0.975175 1.000000
0.624173 1.170830
0.016958 1.426135
0.016958 1.631508
8
1.000000 1.000000
0.243168 1.043539
0.698935 1.056276
0.243168 1.138722
0.057434 1.169060
0.057434 1.182955
0.600973 1.245484
0.057434 1.351320
5
0.919744 1.000000
0.171044 1.001600
0.171044 1.002000
0.597520 1.013598
0.028796 1.520731
8
0.924749 1.000000
0.390704 1.108794
0.269724 1.126759
0.251131 1.183040
0.029648 1.217588
0.029648 1.240955
0.029648 1.333543
0.251131 1.526884
2
0.016472 1.025918
0.016472 1.030657
4
1.000000 1.000000
0.000000 1.031152
0.088921 1.047315
0.088921 1.048197
4
1.000000 1.000000
0.000000 1.043692
0.518900 1.200786
1.000000 1.407462
4
0.969566 1.000000
0.495524 1.011786
0.352976 1.111368
0.004774 1.572281
2
1.000000 1.000000
0.080501 1.296959
6
0.918872 1.000000
0.755138 1.029953
0.602821 1.205910
0.038012 1.407656
0.000000 1.467831
0.000000 1.687710
7
1.000000 1.000000
0.579838 1.135939
0.500344 1.233638
0.828733 1.463019
0.353043 1.516518
0.203811 1.612481
0.203811 1.779098
4
1.000000 1.000000
0.413236 1.235895
0.233913 1.435651
0.168192 1.577920
