6
1.000000 1.000000
0.316771 1.338229
0.312929 1.342063
0.312929 1.342063
0.211342 1.373285
0.195888 1.393270
8
1.000000 1.000000
0.340628 1.012407
0.014743 1.017195
0.364143 1.019161
0.251583 1.087006
0.041096 1.525998
0.247379 1.537284
0.041096 1.544319
5
1.000000 1.000000
0.553204 1.049329
0.197597 1.089283
0.362354 1.127186
0.106199 1.136339
6
1.000000 1.000000
0.522470 1.014497
0.244582 1.018506
0.148142 1.029140
0.244582 1.030599
0.360501 1.042068
5
1.000000 1.000000
0.620614 1.012830
0.383539 1.023092
0.339557 1.033809
0.339557 1.049471
6
1.000000 1.000000
0.674839 1.003777
0.351979 1.031115
0.073593 1.337899
0.073593 1.344018
0.073593 1.359715
8
1.000000 1.000000
0.590158 1.004791
0.427185 1.009367
0.462204 1.017734
0.510563 1.018095
0.043190 1.023929
0.242196 1.490556
0.242196 1.677135
9
1.000000 1.000000
0.554942 1.003430
0.554942 1.003430
0.554942 1.003430
0.554942 1.003430
0.554942 1.003430
0.554942 1.003534
0.554942 1.003674
0.649424 1.077129
4
1.000000 1.000000
0.262756 1.005097
0.366895 1.009971
0.262756 1.035525
6
1.000000 1.000000
0.270433 1.076842
0.270433 1.114242
0.173660 1.115617
0.442506 1.147389
0.322567 1.168996
6
1.000000 1.000000
0.119067 1.009110
0.408312 1.020462
0.443375 1.031526
0.119067 1.140192
0.119067 1.202298
8
1.000000 1.000000
0.522192 1.007326
0.376666 1.021485
0.376666 1.021557
0.376666 1.022936
0.196759 1.032428
0.019683 1.160420
0.002171 1.493385
3
1.000000 1.000000
0.593097 1.028592
0.305981 1.043360
6
1.000000 1.000000
0.615742 1.067202
0.446583 1.146344
0.446583 1.149904
0.406940 1.229513
0.218466 1.300279
3
1.000000 1.000000
0.570856 1.006456
0.443603 1.033127
7
1.000000 1.000000
0.671093 1.002080
0.303748 1.005307
0.282686 1.007550
0.282686 1.014390
0.570534 1.263325
0.570534 1.265496
6
1.000000 1.000000
0.681415 1.004095
0.554199 1.005489
0.371049 1.050301
0.094000 1.069350
0.361546 1.615782
8
1.000000 1.000000
0.605525 1.003636
0.301333 1.157210
0.301333 1.166670
0.211161 1.247175
0.144372 1.269365
0.204563 1.405880
0.041181 1.695591
5
1.000000 1.000000
0.160744 1.128649
0.442189 1.225781
0.000000 1.236545
0.768517 1.666500
7
1.000000 1.000000
0.535590 1.015318
0.295110 1.040972
0.254110 1.054385
0.426080 1.058704
0.219125 1.105632
0.131623 1.159836
4
1.000000 1.000000
0.236194 1.001851
0.713569 1.005545
0.031574 1.336603
4
1.000000 1.000000
0.169188 1.152254
0.000000 1.327215
0.000000 1.351410
3
1.000000 1.000000
0.726210 1.007134
0.263777 1.018792
8
1.000000 1.000000
0.497868 1.000108
0.482891 1.006448
0.238450 1.030536
0.238450 1.059092
0.015257 1.168752
0.124524 1.439083
0.050126 1.725716
7
1.000000 1.000000
0.171221 1.030990
0.094556 1.079377
0.429781 1.119215
0.085547 1.378717
0.027302 1.648768
0.027302 1.700430
2
1.000000 1.000000
0.300338 1.323797
5
1.000000 1.000000
0.570504 1.000894
0.308318 1.059905
0.244035 1.061205
0.566410 1.188458
3
1.000000 1.000000
0.605471 1.002696
0.807841 1.066769
5
1.000000 1.000000
0.325471 1.012012
0.554030 1.028171
0.017662 1.137267
0.076072 1.347164
1
1.000000 1.000000
5
1.000000 1.000000
0.424816 1.010436
0.013882 1.012521
0.013882 1.015351
0.013882 1.171275
7
1.000000 1.000000
0.040613 1.040811
0.107558 1.064076
0.040613 1.182945
0.040613 1.191641
0.581633 1.267169
0.000000 1.402864
3
1.000000 1.000000
1.000000 1.000000
1.000000 1.000000
1
1.000000 1.000000
9
1.000000 1.000000
0.690142 1.006858
0.476916 1.008756
0.476916 1.009140
0.179974 1.048389
0.179974 1.050433
0.179974 1.085116
0.179974 1.101446
0.071452 1.175316
7
1.000000 1.000000
0.694420 1.003739
0.234514 1.010962
0.234514 1.010962
0.234514 1.010962
0.234514 1.010962
0.234514 1.011192
3
1.000000 1.000000
0.757583 1.001513
0.632844 1.017907
5
1.000000 1.000000
0.295412 1.172306
0.266256 1.298097
0.008085 1.354718
0.266256 1.359945
7
1.000000 1.000000
0.695122 1.006402
0.005464 1.079598
0.256461 1.083777
0.256461 1.095483
0.193532 1.164721
0.193532 1.164749
5
1.000000 1.000000
0.618558 1.052410
0.446866 1.054615
0.284438 1.109590
0.206960 1.130075
8
1.000000 1.000000
0.322373 1.002834
0.236151 1.015087
0.291185 1.029831
0.279930 1.070485
0.236151 1.158028
0.236151 1.159005
0.081286 1.398006
4
1.000000 1.000000
0.457522 1.000060
0.016504 1.014221
0.390050 1.049762
7
1.000000 1.000000
0.622056 1.016321
0.254167 1.088589
0.306910 1.096683
0.254167 1.123343
0.254167 1.203633
0.530707 1.442660
4
1.000000 1.000000
0.060751 1.077954
0.577171 1.093760
0.513640 1.097486
3
1.000000 1.000000
0.002328 1.012233
0.002328 1.212127
5
1.000000 1.000000
1.000000 1.000000
0.623545 1.001591
0.008362 1.003501
0.517859 1.004196
4
1.000000 1.000000
0.631394 1.007613
0.528982 1.035514
0.427245 1.051879
7
1.000000 1.000000
0.627560 1.001246
0.297761 1.004153
0.297761 1.042953
0.504874 1.046552
0.473113 1.140660
0.473113 1.179494
5
1.000000 1.000000
1.000000 1.000000
1.000000 1.000000
0.238675 1.012833
0.079933 1.030156
8
1.000000 1.000000
0.697611 1.000598
0.359462 1.021877
0.358117 1.024335
0.304823 1.024467
0.304823 1.024890
0.358117 1.026918
0.154371 1.038270
7
1.000000 1.000000
0.492765 1.037274
0.781623 1.042136
0.781623 1.042136
0.290822 1.763165
0.290822 1.766812
0.290822 1.766812
6
1.000000 1.000000
0.455651 1.001851
0.217020 1.005775
0.217020 1.030982
0.004074 1.338849
0.004074 1.656024
5
1.000000 1.000000
0.545940 1.012535
0.090581 1.094691
0.318673 1.134543
0.090581 1.211090
3
1.000000 1.000000
0.454659 1.027200
0.173735 1.095697
7
1.000000 1.000000
0.461846 1.000252
0.670221 1.008519
0.427564 1.016134
0.034246 1.246028
0.034246 1.686943
0.034246 1.693075
3
1.000000 1.000000
0.616680 1.004204
0.650747 1.004699
6
1.000000 1.000000
1.000000 1.000000
0.316827 1.074856
0.316827 1.078485
0.437086 1.082794
0.482895 1.084083
3
1.000000 1.000000
0.450861 1.011236
0.355210 1.023995
3
1.000000 1.000000
0.322608 1.029351
0.205056 1.238260
3
1.000000 1.000000
0.020976 1.060721
0.020976 1.062475
7
1.000000 1.000000
0.253316 1.030941
0.253316 1.030941
0.093389 1.121979
0.093389 1.125496
0.093389 1.419783
0.093389 1.598835
4
1.000000 1.000000
0.674166 1.029595
0.553397 1.043445
0.473294 1.175299
3
1.000000 1.000000
0.565833 1.000796
0.690850 1.001143
5
1.000000 1.000000
0.000000 1.082337
0.210201 1.280728
0.000000 1.294030
0.000000 1.744087
2
1.000000 1.000000
0.261010 1.278814
3
1.000000 1.000000
0.333032 1.001877
0.380846 1.035941
12
1.000000 1.000000
0.631006 1.007143
0.558238 1.037681
0.636538 1.043069
0.000000 1.056602
0.324371 1.060901
0.352452 1.081998
0.352452 1.081998
0.000000 1.091392
0.000000 1.173444
0.000000 1.463641
0.000000 1.464780
6
1.000000 1.000000
0.536358 1.007024
0.776261 1.025517
0.710951 1.031842
0.636769 1.043059
0.000000 1.603787
5
1.000000 1.000000
0.125962 1.002350
0.099327 1.041964
0.099327 1.047084
0.015449 1.258611
9
1.000000 1.000000
0.645797 1.008157
0.561816 1.016198
0.609456 1.035751
0.301863 1.092033
0.301863 1.093270
0.023952 1.098494
0.023952 1.126601
0.023952 1.131363
3
1.000000 1.000000
0.430187 1.014763
0.000000 1.458549
2
1.000000 1.000000
0.746124 1.044277
8
1.000000 1.000000
0.291336 1.001361
0.445990 1.005473
0.291336 1.008277
0.159431 1.009127
0.291336 1.019694
0.017330 1.019984
0.017330 1.200250
5
1.000000 1.000000
0.643337 1.004978
0.479278 1.020554
0.253176 1.121296
0.073699 1.139537
2
1.000000 1.000000
0.008394 1.014562
5
1.000000 1.000000
0.194848 1.164345
0.071620 1.270730
0.004160 1.654522
0.004160 1.655112
5
1.000000 1.000000
0.297506 1.057570
0.041132 1.223089
0.002972 1.332056
0.013755 1.700757
4
1.000000 1.000000
0.228947 1.006725
0.532212 1.073461
0.045157 1.223436
2
0.186099 1.050261
0.264609 1.083064
8
1.000000 1.000000
0.623645 1.001087
0.467044 1.017375
0.360302 1.098512
0.041338 1.302069
0.041338 1.309334
0.041338 1.503412
0.045989 1.671321
6
1.000000 1.000000
0.644056 1.004356
0.669605 1.009355
0.609427 1.021158
0.554308 1.029546
0.390647 1.064964
10
1.000000 1.000000
0.488786 1.019010
0.524409 1.021513
0.437771 1.026378
0.324343 1.029692
0.260508 1.060495
0.260508 1.077628
0.374719 1.136912
0.005886 1.648288
0.005886 1.712128
5
1.000000 1.000000
0.586938 1.001012
0.258757 1.037748
0.047624 1.083601
0.047624 1.085887
6
1.000000 1.000000
0.752117 1.000607
0.332213 1.014531
0.380700 1.015493
0.530821 1.151003
0.203033 1.194355
10
1.000000 1.000000
0.418753 1.024149
0.070197 1.090875
0.070197 1.090875
0.070197 1.101305
0.326456 1.105228
0.164674 1.201429
0.164674 1.263120
0.164674 1.263120
0.164674 1.289318
5
1.000000 1.000000
0.356657 1.006528
0.707480 1.009944
0.018612 1.036720
0.174612 1.084418
2
1.000000 1.000000
0.272198 1.055933
5
1.000000 1.000000
0.209451 1.039486
0.209451 1.178735
0.047317 1.413720
0.215786 1.511581
3
1.000000 1.000000
0.474032 1.008857
0.421928 1.068528
3
1.000000 1.000000
0.258966 1.010512
0.138483 1.463610
2
0.209993 1.001618
0.402124 1.025114
4
1.000000 1.000000
0.605838 1.002845
0.451881 1.067886
0.451881 1.531085
4
1.000000 1.000000
0.491858 1.028730
0.289723 1.132825
0.157866 1.530556
1
1.000000 1.000000
7
1.000000 1.000000
0.163290 1.218975
0.023339 1.224146
0.023339 1.226692
0.023339 1.233661
0.023339 1.249818
0.163290 1.560758
11
1.000000 1.000000
0.559797 1.032675
0.467186 1.053588
0.210047 1.068997
0.210047 1.104347
0.197156 1.178939
0.058904 1.229231
0.058904 1.240768
0.058904 1.276520
0.058904 1.667694
0.071616 1.726456
5
1.000000 1.000000
0.804419 1.001789
0.762344 1.003644
0.432190 1.021932
0.007066 1.297902
9
1.000000 1.000000
0.712625 1.029586
0.500757 1.062884
0.414170 1.093926
0.421852 1.115572
0.000000 1.138818
0.143273 1.150898
0.074564 1.326670
0.074564 1.439644
1
0.449960 1.052763
7
1.000000 1.000000
0.584437 1.009647
0.468012 1.014643
0.191647 1.016810
0.012066 1.024813
0.008179 1.027693
0.008179 1.402277
