1216 1204
2417 1810
3299 2760
662 1417
2463 2064
2272 1239
1598 1933
187 1332
3104 1745
2219 1375
427 36
2385 1912
2121 3329
1194 1011
2999 2988
475 860
2893 2891
1371 2837
998 2033
2955 106
742 574
46 1042
1208 232
2373 3014
678 3293
3090 1104
3329 2121
1717 2095
2095 2910
1807 441
1245 983
2 783
519 75
2322 219
2107 624
2380 1550
3254 2426
2591 1107
1359 311
2822 2037
250 2558
1842 224
1324 205
1020 2120
1816 1528
1262 3061
2511 1263
2545 3029
1337 214
1949 2145
838 975
2397 2793
2102 335
2601 2162
646 2069
844 895
3328 1388
3174 3353
1592 2895
2118 53
1068 25
3113 224
3343 1006
1955 28
1219 549
874 758
225 3270
196 1028
251 2797
3190 896
213 2735
492 186
768 2367
184 2359
1907 1003
1114 2974
1027 2928
3198 3071
579 500
3098 1798
1048 2674
2555 3329
2589 1453
1002 1541
2951 837
2436 3163
2274 1629
2050 3041
2697 2233
748 1249
3235 1861
2925 2963
136 1470
1381 715
1969 3181
1214 1718
2500 2470
1692 436
568 1396
1977 164
934 3114
3326 3207
91 2021
1596 2787
2955 2343
682 1537
2905 2308
3201 3040
423 1228
2456 2391
1054 315
754 2255
2785 1148
2690 3352
2543 1312
2218 122
1072 891
2031 1162
1614 272
2650 1214
1316 2033
1453 2922
986 1299
1309 1408
2526 411
2500 2281
725 1956
1181 2211
3103 2573
911 993
530 3128
1114 303
664 1846
166 2277
2117 2816
2193 2134
1494 291
1701 1182
1589 3010
2589 2817
66 1735
1743 2846
2392 1626
1703 2140
844 1315
1834 75
1088 1649
378 453
141 2599
2730 959
762 270
3093 2256
560 1439
83 2148
1094 1373
312 3215
1809 2055
1409 846
2382 1813
1687 3225
3127 166
3299 860
1815 2378
14 657
1623 2743
1615 2384
3012 1353
3341 2273
2792 2125
3123 2587
144 80
1150 654
2134 2558
1500 3217
1016 1888
3087 788
756 1734
349 1272
757 362
1928 1081
1807 2244
111 166
243 2153
2439 1736
924 2207
3024 3123
2286 819
422 3122
22 623
2984 3093
2511 1419
526 1968
3152 2930
3239 2610
1994 514
337 446
2757 447
611 2999
2599 1751
82 2224
2659 3106
1992 1591
570 2414
60 2648
3036 1745
2386 894
1865 1614
1563 1662
3245 1447
2974 1884
662 3310
1031 65
2458 344
1765 404
2094 1847
2628 1399
300 1265
1691 2925
2380 452
2218 764
2196 3306
359 707
1565 1922
1070 157
2070 689
2041 2732
644 3071
2796 3101
60 3262
151 856
456 1480
2254 755
2744 2646
326 1770
3097 1245
2533 640
1196 1593
1346 1462
160 1118
1619 2230
1806 2361
1607 1152
2077 3104
2954 839
1713 1806
1694 2169
3285 2649
2923 1377
1940 1950
1848 384
3195 3082
1023 3092
1320 2369
1200 1480
2188 1520
2411 2695
526 2719
492 1304
2468 2148
844 2882
2655 1239
1696 1288
533 3321
1366 1174
1916 3213
1557 458
1642 2580
196 2961
296 97
3142 2483
1616 2198
525 843
1562 1017
848 2731
1866 394
2259 1166
1632 2656
1155 867
2622 2520
2040 3240
2378 2299
343 2721
226 2594
2328 2577
2690 817
407 3007
1717 931
2551 1980
649 45
59 2514
2494 2317
2382 771
320 2238
339 2942
1404 2379
2827 2483
25 1871
1850 2306
1111 2879
1528 446
341 1934
99 2057
1566 1351
2739 2215
97 2797
76 2590
461 2457
7 780
1341 345
367 1446
1425 1895
574 151
412 2423
2456 1522
649 2685
669 990
3320 2823
1748 1532
820 1132
392 916
574 467
152 1034
1626 2214
516 1668
1260 882
3113 1387
1479 332
1537 592
1457 2695
815 2105
2025 1483
1796 693
952 190
2224 473
23 1317
1388 2653
485 241
332 2110
2454 2903
2479 2416
431 2237
448 611
1271 686
1202 1429
26 2016
2235 753
2200 677
1445 1853
2922 2370
2325 1646
332 2415
944 2872
2655 3332
1628 457
2880 752
2872 2012
1691 2021
2622 2961
2706 2525
1035 1434
3242 3269
2186 2088
2647 2332
586 916
49 1613
2562 2436
673 151
1953 2029
128 226
1187 3008
3034 2760
367 1370
1426 2989
3032 778
861 2768
2211 749
1384 3098
2836 2733
777 2123
294 825
381 2855
3260 3109
3006 1858
1784 1835
786 1672
190 465
1078 557
536 2503
2247 2269
1982 3107
384 2894
501 1767
2637 2038
1145 59
2863 141
883 3243
2995 2844
1700 1348
1348 2185
3183 2133
502 18
1299 1579
574 536
2784 1522
1506 1411
1275 1889
951 477
2357 2289
2515 2204
1050 2023
2344 634
613 1984
124 1014
3332 173
3198 1862
1007 346
1879 2305
626 1155
1542 55
2676 3047
168 596
283 3174
3129 2639
810 2289
1488 1859
3013 2533
1195 2327
3219 20
3341 3196
192 1886
405 1198
933 2283
2204 1559
2139 2447
315 1461
841 2538
758 1123
1059 532
2463 1869
1522 2653
2429 3236
1831 269
911 1695
288 897
238 2535
2782 642
2434 2417
1627 1283
621 411
375 2991
573 3271
877 33
1039 1935
564 148
449 788
2800 1580
2725 3332
1848 281
375 838
3233 612
2074 2661
3310 1154
425 1582
1138 1045
694 215
2737 3323
131 259
1 1170
896 564
19 1344
53 1520
1625 2778
1497 119
1760 1871
3012 1639
1185 433
3001 3196
1586 71
1423 2724
3171 818
1640 2553
786 1770
1514 786
1641 1111
52 1659
1156 2160
1880 2781
285 23
1601 2045
595 1258
329 481
392 2031
322 1978
2101 446
49 1917
1264 1688
3171 751
2159 32
239 446
1142 290
806 2298
1151 2686
1724 1436
1410 3324
126 706
3283 2510
1187 320
1186 1508
999 1988
1954 1047
550 1919
1436 2422
2669 2297
2454 2907
2742 2297
1898 2249
1240 3049
282 1665
1130 1691
1634 3311
2397 264
1168 2285
2640 1055
438 284
3042 2391
33 2293
955 170
1360 2326
2466 2515
1878 555
1458 422
2804 1399
2172 1787
3064 2003
2180 45
661 1222
309 1828
2208 2948
1584 2645
1933 3327
384 1965
2265 1338
2135 2326
309 1246
1487 889
503 1646
12 2008
3044 2183
440 1455
2887 2619
1500 193
2542 510
722 1395
2159 2305
686 737
2277 1069
2702 3243
1108 184
2214 119
131 2402
3063 633
2749 3074
2640 1141
604 1782
2595 136
1046 2796
328 2290
2007 1049
330 811
2055 3071
1548 3033
2841 895
2921 2651
1078 482
1471 3264
1586 1179
543 3036
898 1884
822 1501
311 2119
1636 59
262 665
2348 2269
415 1379
3079 2469
3152 3328
2147 1340
2924 415
2692 2703
2952 808
2613 3239
1986 3155
2921 2883
1684 2444
3085 697
1208 68
2811 172
732 506
2440 1146
1884 866
260 383
840 1108
425 409
224 3116
1814 3176
570 1072
3060 2555
872 1328
786 1257
418 516
655 1625
2640 111
498 17
616 2937
1163 1202
2505 124
1584 2046
3288 710
1156 157
472 2969
2034 1041
686 442
2297 259
1769 1784
1516 2186
1002 872
2513 287
983 3010
303 1598
1295 167
2799 445
2347 3085
2490 2280
2496 2347
1138 2967
1962 1874
2709 2647
2315 1652
2906 2785
81 3123
319 1082
640 2831
70 324
1188 373
1922 2482
2595 68
1628 1587
1854 2819
512 996
1812 352
2664 419
2225 2019
1767 3241
2372 20
2671 1154
1844 2989
2236 1186
1167 1007
1509 2355
1379 2132
184 620
902 514
908 1457
3332 122
1154 491
473 464
2965 1399
2482 1378
1285 1499
99 601
2652 1943
2292 235
3128 2160
1242 3338
1160 1322
2116 46
643 1719
559 1551
3175 2592
1672 975
3083 2144
1438 1395
188 2621
2772 174
2821 1573
2830 820
2217 1767
3111 1990
573 3054
675 434
1021 1492
2535 1664
3210 1795
1916 3031
1033 233
2707 2817
1078 2846
857 3321
2112 2331
140 280
2605 1671
1099 1467
84 855
2158 2712
554 2832
1847 277
970 1028
642 2881
1524 2557
1259 1258
1491 611
720 1270
102 279
1236 915
1311 77
1194 2617
1747 995
729 532
551 2886
1945 3161
2363 2494
83 2034
2223 2780
1561 392
684 2819
1650 2174
2132 1071
2145 2233
51 26
1850 63
2158 3043
2679 2606
2739 53
1840 3290
2938 2486
3096 649
1625 1880
1384 493
1305 1646
885 1988
1111 1236
2863 1944
2306 1653
822 2357
380 1373
1121 1239
1062 446
490 2502
498 1031
2437 2138
163 880
1488 1787
2759 2871
982 2765
1163 1866
100 975
1803 2962
2918 754
3316 2441
1812 2397
460 2933
281 223
2080 2827
2724 2577
503 1807
62 2721
2686 1549
1154 793
3122 837
203 930
1404 303
606 3206
1966 169
2661 1928
1311 1119
3026 472
2753 3307
694 1478
2779 64
2756 1983
572 1520
1350 1959
1770 1205
1453 1537
2041 1656
2466 2146
660 1773
1997 2625
643 1303
3254 1954
1123 2926
2425 521
1580 1821
700 3060
586 2158
1688 1157
2379 1739
1817 794
1645 3270
2331 2387
273 144
1178 932
1917 3174
2258 2559
3179 860
3214 947
2487 987
170 712
2807 2925
417 38
430 806
3250 2808
2545 1712
248 2891
329 2578
1924 601
1423 1803
234 3339
1623 1194
1246 149
2053 3161
1095 3241
793 1264
598 2301
835 3070
1040 1264
521 935
2774 1767
1349 3021
1304 1677
946 1929
980 1070
377 3269
1055 701
1108 1002
849 1862
2864 1944
450 2359
1909 1047
1305 2743
762 2345
2709 3339
3279 830
1751 3329
496 3054
1652 143
1628 1333
1212 707
1247 968
1407 1057
671 2256
1620 181
2901 2070
2539 1455
1818 489
2900 1282
1535 956
1266 162
1785 3016
136 982
1418 489
1124 3045
1821 1037
397 1770
2005 506
1528 1377
2761 1849
1557 2307
564 2797
2463 1084
3286 2008
2365 168
2963 276
329 95
1993 2521
1076 56
3009 901
1803 178
1938 901
649 2644
1406 2176
666 2868
670 2223
1820 3290
367 2985
3075 2354
1638 2085
2522 3303
1062 1552
2099 3054
718 3175
3110 2429
721 260
2606 1360
1160 1956
649 2566
777 1315
2079 148
2239 2601
2139 2605
2231 1859
1605 2570
589 2828
1220 352
1025 3319
52 445
1841 1863
2873 1263
2122 826
2623 3281
2781 3271
1194 2259
3287 3273
2406 873
2519 1191
2180 97
1751 2486
2666 2340
1959 2588
2691 1685
1254 1444
2129 3094
2008 349
1002 2831
1174 270
2758 2656
2243 2653
1560 2175
2571 2668
1750 437
504 575
533 956
1762 1901
3295 366
3190 1334
752 1089
1479 2881
828 2189
1931 531
1665 1807
2857 3124
1108 1745
2423 2668
2621 1639
683 1016
778 3242
292 12
843 2053
614 2840
1120 449
819 1872
239 999
100 3122
3187 732
299 1498
2538 3155
1267 292
1545 335
1661 2867
676 2343
529 155
2230 2876
166 3072
277 780
2557 1396
3284 2077
1969 169
1778 770
3290 1610
1502 2290
1809 685
2090 1778
3032 2336
814 1338
551 191
2382 1079
345 3313
2656 511
3031 2932
3346 935
3030 1977
1714 1644
847 137
2414 2839
448 2617
1774 959
3301 2566
2736 2979
249 2251
3018 799
2442 748
579 2786
706 3235
1998 2438
1514 691
19 1189
2668 434
2833 2216
2626 594
1700 1775
